table_id,row_id,_b_institution_b_full_path,_b_institution_b_level_1,_b_institution_b_level_2,_b_institution_b_hierarchy_depth,field_all_graduate_students_rank,field_all_graduate_students_total,field_all_graduate_students_science,field_all_graduate_students_engineering,field_all_graduate_students_health,field_full_time_students_rank,field_full_time_students_total,field_full_time_students_science,field_full_time_students_engineering,field_full_time_students_health,field_part_time_students_rank,field_part_time_students_total,field_part_time_students_science,field_part_time_students_engineering,field_part_time_students_health
10742,r001,All institutions<sup>a</sup>,All institutions<sup>a</sup>,,1,-,798534,538166,176000,84368,-,579301,392192,130447,56662,-,219233,145974,45553,27706
10742,r002,All institutions<sup>a</sup> -> Georgia Institute of Technology,All institutions<sup>a</sup>,Georgia Institute of Technology,2,1,16797,12511,4243,43,16,6145,2717,3408,20,1,10652,9794,835,23
10742,r003,All institutions<sup>a</sup> -> Johns Hopkins U.,All institutions<sup>a</sup>,Johns Hopkins U.,2,2,14731,8186,4004,2541,12,6422,3777,1514,1131,2,8309,4409,2490,1410
10742,r004,All institutions<sup>a</sup> -> Arizona State U.,All institutions<sup>a</sup>,Arizona State U.,2,3,12971,8507,4304,160,7,7993,4933,2921,139,3,4978,3574,1383,21
10742,r005,All institutions<sup>a</sup> -> Columbia U. in the City of New York,All institutions<sup>a</sup>,Columbia U. in the City of New York,2,4,12063,8297,2894,872,4,8873,6228,1883,762,7,3190,2069,1011,110
10742,r006,All institutions<sup>a</sup> -> U. Michigan,All institutions<sup>a</sup>,U. Michigan,2,5,11763,6269,4756,738,1,10167,5573,3872,722,24,1596,696,884,16
10742,r007,All institutions<sup>a</sup> -> New York U.,All institutions<sup>a</sup>,New York U.,2,6,11671,8652,2286,733,3,9007,6461,2020,526,10,2664,2191,266,207
10742,r008,All institutions<sup>a</sup> -> U. Southern California,All institutions<sup>a</sup>,U. Southern California,2,7,11410,7146,3310,954,2,9562,6310,2492,760,18,1848,836,818,194
10742,r009,"All institutions<sup>a</sup> -> U. Illinois, Urbana-Champaign",All institutions<sup>a</sup>,"U. Illinois, Urbana-Champaign",2,8,10321,7177,2935,209,5,8730,5867,2660,203,26,1591,1310,275,6
10742,r010,All institutions<sup>a</sup> -> Northeastern U.<sup>b</sup>,All institutions<sup>a</sup>,Northeastern U.<sup>b</sup>,2,9,9065,3955,4972,138,6,8628,3678,4819,131,135,437,277,153,7
10742,r011,All institutions<sup>a</sup> -> Texas A&M U.,All institutions<sup>a</sup>,Texas A&M U.,2,10,9009,4962,3631,416,8,7312,4025,2908,379,22,1697,937,723,37
10742,r012,All institutions<sup>a</sup> -> Purdue U.,All institutions<sup>a</sup>,Purdue U.,2,11,8938,3314,5105,519,21,5528,2489,2727,312,5,3410,825,2378,207
10742,r013,All institutions<sup>a</sup> -> U. Florida,All institutions<sup>a</sup>,U. Florida,2,12,8910,6064,2182,664,18,5807,3865,1491,451,9,3103,2199,691,213
10742,r014,All institutions<sup>a</sup> -> U. Washington,All institutions<sup>a</sup>,U. Washington,2,13,8428,5318,2096,1014,9,6603,4271,1487,845,20,1825,1047,609,169
10742,r015,"All institutions<sup>a</sup> -> U. Texas, Austin",All institutions<sup>a</sup>,"U. Texas, Austin",2,14,8145,5398,2257,490,19,5596,3256,1975,365,11,2549,2142,282,125
10742,r016,"All institutions<sup>a</sup> -> U. California, Berkeley",All institutions<sup>a</sup>,"U. California, Berkeley",2,15,7785,4854,2184,747,15,6267,3643,2169,455,28,1518,1211,15,292
10742,r017,All institutions<sup>a</sup> -> U. Colorado,All institutions<sup>a</sup>,U. Colorado,2,16,7719,4481,2481,757,10,6500,3961,1919,620,36,1219,520,562,137
10742,r018,All institutions<sup>a</sup> -> Pennsylvania State U.,All institutions<sup>a</sup>,Pennsylvania State U.,2,17,7402,4624,2547,231,25,5239,3240,1805,194,13,2163,1384,742,37
10742,r019,"All institutions<sup>a</sup> -> U. Maryland, College Park",All institutions<sup>a</sup>,"U. Maryland, College Park",2,18,7048,4056,1861,1131,22,5454,3453,1452,549,25,1594,603,409,582
10742,r020,All institutions<sup>a</sup> -> Indiana U.,All institutions<sup>a</sup>,Indiana U.,2,19,6647,4672,374,1601,30,4663,3275,209,1179,16,1984,1397,165,422
10742,r021,All institutions<sup>a</sup> -> Boston U.,All institutions<sup>a</sup>,Boston U.,2,20,6636,4484,1077,1075,27,4943,3301,882,760,23,1693,1183,195,315
10742,r022,All institutions<sup>a</sup> -> Carnegie Mellon U.,All institutions<sup>a</sup>,Carnegie Mellon U.,2,21,6622,3694,2928,0,13,6410,3599,2811,0,228,212,95,117,0
10742,r023,All institutions<sup>a</sup> -> Stanford U.,All institutions<sup>a</sup>,Stanford U.,2,22,6499,3848,2452,199,14,6276,3752,2347,177,219,223,96,105,22
10742,r024,"All institutions<sup>a</sup> -> U. California, Los Angeles",All institutions<sup>a</sup>,"U. California, Los Angeles",2,23,6492,3743,2109,640,11,6492,3743,2109,640,628,0,0,0,0
10742,r025,All institutions<sup>a</sup> -> U. Wisconsin-Madison,All institutions<sup>a</sup>,U. Wisconsin-Madison,2,24,6491,4406,1588,497,24,5291,3713,1177,401,39,1200,693,411,96
10742,r026,All institutions<sup>a</sup> -> North Carolina State U.,All institutions<sup>a</sup>,North Carolina State U.,2,25,6426,3478,2948,0,26,5193,2882,2311,0,35,1233,596,637,0
10742,r027,All institutions<sup>a</sup> -> George Washington U.,All institutions<sup>a</sup>,George Washington U.,2,26,6235,3798,671,1766,59,2785,2101,265,419,4,3450,1697,406,1347
10742,r028,All institutions<sup>a</sup> -> Liberty U.,All institutions<sup>a</sup>,Liberty U.,2,27,6138,5001,27,1110,50,2998,2384,24,590,8,3140,2617,3,520
10742,r029,All institutions<sup>a</sup> -> Cornell U.,All institutions<sup>a</sup>,Cornell U.,2,28,5950,3906,1928,116,17,5877,3849,1926,102,390,73,57,2,14
10742,r030,All institutions<sup>a</sup> -> U. Minnesota,All institutions<sup>a</sup>,U. Minnesota,2,29,5931,3840,1298,793,23,5380,3549,1177,654,105,551,291,121,139
10742,r031,"All institutions<sup>a</sup> -> U. California, San Diego",All institutions<sup>a</sup>,"U. California, San Diego",2,30,5907,3794,2094,19,20,5538,3604,1915,19,156,369,190,179,0
10742,r032,All institutions<sup>a</sup> -> Ohio State U.,All institutions<sup>a</sup>,Ohio State U.,2,31,5577,3258,1629,690,28,4893,2997,1447,449,80,684,261,182,241
10742,r033,All institutions<sup>a</sup> -> Virginia Polytechnic Institute and State U.,All institutions<sup>a</sup>,Virginia Polytechnic Institute and State U.,2,32,5423,3140,2212,71,36,4068,2169,1833,66,32,1355,971,379,5
10742,r034,"All institutions<sup>a</sup> -> U. Texas, Dallas",All institutions<sup>a</sup>,"U. Texas, Dallas",2,33,5383,4063,1101,219,33,4362,3337,810,215,48,1021,726,291,4
10742,r035,"All institutions<sup>a</sup> -> U. North Texas, Denton",All institutions<sup>a</sup>,"U. North Texas, Denton",2,34,5328,4580,549,199,38,3966,3363,438,165,31,1362,1217,111,34
10742,r036,All institutions<sup>a</sup> -> George Mason U.,All institutions<sup>a</sup>,George Mason U.,2,35,5309,4396,540,373,43,3327,2836,279,212,17,1982,1560,261,161
10742,r037,"All institutions<sup>a</sup> -> SUNY, U. Buffalo",All institutions<sup>a</sup>,"SUNY, U. Buffalo",2,36,5219,3214,1606,399,35,4200,2653,1224,323,50,1019,561,382,76
10742,r038,All institutions<sup>a</sup> -> U. Chicago,All institutions<sup>a</sup>,U. Chicago,2,37,5051,4785,266,0,32,4435,4173,262,0,92,616,612,4,0
10742,r039,All institutions<sup>a</sup> -> Massachusetts Institute of Technology,All institutions<sup>a</sup>,Massachusetts Institute of Technology,2,38,4948,2562,2386,0,29,4872,2561,2311,0,383,76,1,75,0
10742,r040,"All institutions<sup>a</sup> -> U. Texas, Arlington",All institutions<sup>a</sup>,"U. Texas, Arlington",2,39,4915,3043,1782,90,40,3836,2515,1279,42,43,1079,528,503,48
10742,r041,"All institutions<sup>a</sup> -> U. South Florida, Tampa",All institutions<sup>a</sup>,"U. South Florida, Tampa",2,40,4737,2657,854,1226,41,3483,2184,680,619,34,1254,473,174,607
10742,r042,"All institutions<sup>a</sup> -> U. North Carolina, Chapel Hill",All institutions<sup>a</sup>,"U. North Carolina, Chapel Hill",2,41,4649,2701,116,1832,37,4009,2619,107,1283,88,640,82,9,549
10742,r043,All institutions<sup>a</sup> -> Harvard U.,All institutions<sup>a</sup>,Harvard U.,2,42,4607,3276,573,758,34,4247,3137,563,547,162,360,139,10,211
10742,r044,"All institutions<sup>a</sup> -> U. California, Davis",All institutions<sup>a</sup>,"U. California, Davis",2,43,4542,3329,986,227,31,4448,3294,937,217,354,94,35,49,10
10742,r045,All institutions<sup>a</sup> -> U. Cincinnati,All institutions<sup>a</sup>,U. Cincinnati,2,44,4496,2606,959,931,61,2658,1676,597,385,19,1838,930,362,546
10742,r046,All institutions<sup>a</sup> -> Northwestern U.,All institutions<sup>a</sup>,Northwestern U.,2,45,4480,3021,1264,195,39,3908,2636,1161,111,101,572,385,103,84
10742,r047,"All institutions<sup>a</sup> -> Rutgers, State U. New Jersey",All institutions<sup>a</sup>,"Rutgers, State U. New Jersey",2,46,4349,3582,737,30,44,3271,2717,524,30,45,1078,865,213,0
10742,r048,All institutions<sup>a</sup> -> U. Arizona,All institutions<sup>a</sup>,U. Arizona,2,47,4183,2868,750,565,62,2645,1903,416,326,27,1538,965,334,239
10742,r049,"All institutions<sup>a</sup> -> U. Illinois, Chicago",All institutions<sup>a</sup>,"U. Illinois, Chicago",2,48,4166,1980,795,1391,47,3170,1576,606,988,52,996,404,189,403
10742,r050,All institutions<sup>a</sup> -> U. Pittsburgh,All institutions<sup>a</sup>,U. Pittsburgh,2,49,4085,2658,830,597,42,3444,2290,689,465,87,641,368,141,132
10742,r051,All institutions<sup>a</sup> -> Stevens Institute of Technology,All institutions<sup>a</sup>,Stevens Institute of Technology,2,50,3897,2392,1505,0,52,2968,2017,951,0,56,929,375,554,0
10742,r052,All institutions<sup>a</sup> -> U. Central Florida,All institutions<sup>a</sup>,U. Central Florida,2,51,3795,1933,1278,584,68,2408,1370,677,361,29,1387,563,601,223
10742,r053,All institutions<sup>a</sup> -> Michigan State U.,All institutions<sup>a</sup>,Michigan State U.,2,52,3784,2793,637,354,51,2973,2216,527,230,66,811,577,110,124
10742,r054,All institutions<sup>a</sup> -> U. New Mexico,All institutions<sup>a</sup>,U. New Mexico,2,53,3722,2078,1068,576,80,2019,1182,456,381,21,1703,896,612,195
10742,r055,"All institutions<sup>a</sup> -> Washington U., Saint Louis",All institutions<sup>a</sup>,"Washington U., Saint Louis",2,54,3695,2341,1112,242,45,3257,2112,932,213,134,438,229,180,29
10742,r056,All institutions<sup>a</sup> -> Texas Tech U.,All institutions<sup>a</sup>,Texas Tech U.,2,55,3691,2502,893,296,53,2942,2047,656,239,72,749,455,237,57
10742,r057,All institutions<sup>a</sup> -> U. Utah,All institutions<sup>a</sup>,U. Utah,2,56,3684,2282,922,480,54,2877,1853,676,348,67,807,429,246,132
10742,r058,All institutions<sup>a</sup> -> U. Georgia,All institutions<sup>a</sup>,U. Georgia,2,57,3680,3127,220,333,46,3189,2676,206,307,121,491,451,14,26
10742,r059,All institutions<sup>a</sup> -> Florida State U.,All institutions<sup>a</sup>,Florida State U.,2,58,3639,2915,390,334,67,2431,1985,274,172,38,1208,930,116,162
10742,r060,"All institutions<sup>a</sup> -> U. Massachusetts, Amherst",All institutions<sup>a</sup>,"U. Massachusetts, Amherst",2,59,3622,2506,712,404,58,2809,2093,564,152,65,813,413,148,252
10742,r061,"All institutions<sup>a</sup> -> Colorado State U., Fort Collins",All institutions<sup>a</sup>,"Colorado State U., Fort Collins",2,60,3618,2708,858,52,109,1499,1206,255,38,14,2119,1502,603,14
10742,r062,All institutions<sup>a</sup> -> U. Houston,All institutions<sup>a</sup>,U. Houston,2,61,3497,1740,1582,175,60,2691,1296,1237,158,68,806,444,345,17
10742,r063,All institutions<sup>a</sup> -> Georgetown U.,All institutions<sup>a</sup>,Georgetown U.,2,62,3422,3308,0,114,56,2822,2768,0,54,97,600,540,0,60
10742,r064,All institutions<sup>a</sup> -> Auburn U.,All institutions<sup>a</sup>,Auburn U.,2,63,3388,2205,1047,136,79,2034,1302,627,105,33,1354,903,420,31
10742,r065,"All institutions<sup>a</sup> -> U. California, Irvine",All institutions<sup>a</sup>,"U. California, Irvine",2,64,3317,2134,1183,0,48,3158,2036,1122,0,280,159,98,61,0
10742,r066,All institutions<sup>a</sup> -> U. Connecticut,All institutions<sup>a</sup>,U. Connecticut,2,65,3267,2011,893,363,64,2607,1710,614,283,84,660,301,279,80
10742,r067,"All institutions<sup>a</sup> -> U. Maryland, U. C.",All institutions<sup>a</sup>,"U. Maryland, U. C.",2,66,3228,3228,0,0,589,26,26,0,0,6,3202,3202,0,0
10742,r068,"All institutions<sup>a</sup> -> SUNY, Stony Brook U.",All institutions<sup>a</sup>,"SUNY, Stony Brook U.",2,67,3211,2335,643,233,55,2836,2097,551,188,155,375,238,92,45
10742,r069,All institutions<sup>a</sup> -> Duke U.,All institutions<sup>a</sup>,Duke U.,2,68,3137,2127,930,80,49,3137,2127,930,80,628,0,0,0,0
10742,r070,All institutions<sup>a</sup> -> Florida Institute of Technology,All institutions<sup>a</sup>,Florida Institute of Technology,2,69,3113,2493,620,0,147,1085,658,427,0,15,2028,1835,193,0
10742,r071,All institutions<sup>a</sup> -> U. Virginia,All institutions<sup>a</sup>,U. Virginia,2,70,3076,1982,905,189,63,2608,1695,738,175,126,468,287,167,14
10742,r072,All institutions<sup>a</sup> -> Oregon State U.,All institutions<sup>a</sup>,Oregon State U.,2,71,3024,2009,723,292,73,2278,1515,599,164,73,746,494,124,128
10742,r073,All institutions<sup>a</sup> -> Pepperdine U.,All institutions<sup>a</sup>,Pepperdine U.,2,72,3023,3023,0,0,170,859,859,0,0,12,2164,2164,0,0
10742,r074,All institutions<sup>a</sup> -> Lamar U.,All institutions<sup>a</sup>,Lamar U.,2,73,3004,2410,322,272,86,1886,1456,245,185,40,1118,954,77,87
10742,r075,All institutions<sup>a</sup> -> Clemson U.,All institutions<sup>a</sup>,Clemson U.,2,74,2972,1620,1246,106,74,2275,1111,1076,88,78,697,509,170,18
10742,r076,All institutions<sup>a</sup> -> Tufts U.,All institutions<sup>a</sup>,Tufts U.,2,75,2922,2383,377,162,75,2264,1902,277,85,85,658,481,100,77
10742,r077,All institutions<sup>a</sup> -> Iowa State U.,All institutions<sup>a</sup>,Iowa State U.,2,76,2870,1953,892,25,89,1772,1184,567,21,41,1098,769,325,4
10742,r078,All institutions<sup>a</sup> -> U. Pennsylvania,All institutions<sup>a</sup>,U. Pennsylvania,2,77,2868,2177,640,51,57,2818,2152,616,50,438,50,25,24,1
10742,r079,"All institutions<sup>a</sup> -> U. Tennessee, Knoxville",All institutions<sup>a</sup>,"U. Tennessee, Knoxville",2,78,2808,1561,1025,222,117,1439,851,475,113,30,1369,710,550,109
10742,r080,All institutions<sup>a</sup> -> Syracuse U.,All institutions<sup>a</sup>,Syracuse U.,2,79,2806,2327,437,42,72,2333,1930,364,39,125,473,397,73,3
10742,r081,All institutions<sup>a</sup> -> San Jose State U.,All institutions<sup>a</sup>,San Jose State U.,2,80,2773,1016,1609,148,91,1752,638,999,115,48,1021,378,610,33
10742,r082,All institutions<sup>a</sup> -> U. Central Missouri,All institutions<sup>a</sup>,U. Central Missouri,2,81,2763,2629,63,71,96,1668,1562,44,62,42,1095,1067,19,9
10742,r083,All institutions<sup>a</sup> -> Florida International U.,All institutions<sup>a</sup>,Florida International U.,2,82,2760,1791,532,437,76,2149,1437,413,299,95,611,354,119,138
10742,r084,"All institutions<sup>a</sup> -> U. Alabama, Birmingham",All institutions<sup>a</sup>,"U. Alabama, Birmingham",2,83,2749,1576,553,620,92,1750,1287,208,255,51,999,289,345,365
10742,r085,All institutions<sup>a</sup> -> Drexel U.,All institutions<sup>a</sup>,Drexel U.,2,84,2652,1756,648,248,99,1604,1061,412,131,46,1048,695,236,117
10742,r086,All institutions<sup>a</sup> -> U. Delaware,All institutions<sup>a</sup>,U. Delaware,2,85,2624,1814,680,130,69,2404,1646,640,118,221,220,168,40,12
10742,r087,"All institutions<sup>a</sup> -> U. California, Riverside",All institutions<sup>a</sup>,"U. California, Riverside",2,86,2599,1894,705,0,66,2461,1874,587,0,300,138,20,118,0
10742,r088,All institutions<sup>a</sup> -> New Jersey Institute of Technology,All institutions<sup>a</sup>,New Jersey Institute of Technology,2,87,2576,1665,871,40,87,1826,1287,511,28,71,750,378,360,12
10742,r089,All institutions<sup>a</sup> -> Georgia State U.,All institutions<sup>a</sup>,Georgia State U.,2,88,2521,1975,0,546,78,2067,1700,0,367,129,454,275,0,179
10742,r090,All institutions<sup>a</sup> -> Princeton U.,All institutions<sup>a</sup>,Princeton U.,2,89,2520,1910,610,0,65,2520,1910,610,0,628,0,0,0,0
10742,r091,All institutions<sup>a</sup> -> Case Western Reserve U.,All institutions<sup>a</sup>,Case Western Reserve U.,2,90,2497,1528,615,354,77,2101,1276,510,315,148,396,252,105,39
10742,r092,All institutions<sup>a</sup> -> Brown U.,All institutions<sup>a</sup>,Brown U.,2,91,2478,1733,354,391,70,2400,1695,339,366,378,78,38,15,25
10742,r093,All institutions<sup>a</sup> -> National U.,All institutions<sup>a</sup>,National U.,2,92,2462,2319,0,143,123,1383,1302,0,81,43,1079,1017,0,62
10742,r094,All institutions<sup>a</sup> -> Yale U.,All institutions<sup>a</sup>,Yale U.,2,93,2402,1814,343,245,70,2400,1813,342,245,609,2,1,1,0
10742,r095,All institutions<sup>a</sup> -> Illinois Institute of Technology,All institutions<sup>a</sup>,Illinois Institute of Technology,2,94,2326,1651,629,46,101,1585,1196,388,1,74,741,455,241,45
10742,r096,All institutions<sup>a</sup> -> Rice U.,All institutions<sup>a</sup>,Rice U.,2,95,2324,1569,755,0,81,2018,1292,726,0,177,306,277,29,0
10742,r097,"All institutions<sup>a</sup> -> SUNY, Binghamton U.",All institutions<sup>a</sup>,"SUNY, Binghamton U.",2,96,2307,1636,596,75,88,1823,1336,438,49,122,484,300,158,26
10742,r098,All institutions<sup>a</sup> -> U. Oklahoma,All institutions<sup>a</sup>,U. Oklahoma,2,97,2303,1665,545,93,103,1568,1180,326,62,75,735,485,219,31
10742,r099,All institutions<sup>a</sup> -> U. Kentucky,All institutions<sup>a</sup>,U. Kentucky,2,98,2219,1492,348,379,84,1918,1314,310,294,180,301,178,38,85
10742,r100,"All institutions<sup>a</sup> -> U. Missouri, Columbia",All institutions<sup>a</sup>,"U. Missouri, Columbia",2,99,2218,1565,264,389,128,1274,972,125,177,55,944,593,139,212
10742,r101,All institutions<sup>a</sup> -> U. Kansas,All institutions<sup>a</sup>,U. Kansas,2,100,2184,1550,361,273,90,1758,1267,292,199,138,426,283,69,74
10742,r102,All institutions<sup>a</sup> -> Louisiana State U.,All institutions<sup>a</sup>,Louisiana State U.,2,101,2154,1387,519,248,93,1745,1226,334,185,144,409,161,185,63
10742,r103,All institutions<sup>a</sup> -> U. Miami,All institutions<sup>a</sup>,U. Miami,2,102,2147,1754,244,149,83,1938,1616,221,101,232,209,138,23,48
10742,r104,"All institutions<sup>a</sup> -> U. Texas Health Science Center, Houston",All institutions<sup>a</sup>,"U. Texas Health Science Center, Houston",2,103,2124,1207,44,873,129,1265,841,43,381,62,859,366,1,492
10742,r105,All institutions<sup>a</sup> -> San Diego State U.,All institutions<sup>a</sup>,San Diego State U.,2,104,2108,1256,371,481,105,1545,915,198,432,103,563,341,173,49
10742,r106,All institutions<sup>a</sup> -> U. Denver,All institutions<sup>a</sup>,U. Denver,2,105,2091,1855,129,107,122,1391,1278,57,56,77,700,577,72,51
10742,r107,All institutions<sup>a</sup> -> Mississippi State U.,All institutions<sup>a</sup>,Mississippi State U.,2,106,2076,1380,639,57,139,1164,852,268,44,58,912,528,371,13
10742,r108,"All institutions<sup>a</sup> -> Columbia U., Teachers C.",All institutions<sup>a</sup>,"Columbia U., Teachers C.",2,107,2070,1887,0,183,100,1595,1467,0,128,123,475,420,0,55
10742,r109,All institutions<sup>a</sup> -> Wayne State U.,All institutions<sup>a</sup>,Wayne State U.,2,108,2028,1261,416,351,111,1489,1004,239,246,108,539,257,177,105
10742,r110,"All institutions<sup>a</sup> -> SUNY, U. Albany",All institutions<sup>a</sup>,"SUNY, U. Albany",2,108,2028,1679,53,296,137,1196,1028,34,134,64,832,651,19,162
10742,r111,All institutions<sup>a</sup> -> U. Nebraska-Lincoln,All institutions<sup>a</sup>,U. Nebraska-Lincoln,2,110,2023,1427,532,64,107,1525,1086,383,56,118,498,341,149,8
10742,r112,"All institutions<sup>a</sup> -> U. North Carolina, Charlotte",All institutions<sup>a</sup>,"U. North Carolina, Charlotte",2,111,2013,1449,393,171,114,1479,1079,274,126,109,534,370,119,45
10742,r113,"All institutions<sup>a</sup> -> U. Texas, San Antonio",All institutions<sup>a</sup>,"U. Texas, San Antonio",2,112,2008,1466,460,82,150,1054,772,229,53,54,954,694,231,29
10742,r114,All institutions<sup>a</sup> -> Oklahoma State U.,All institutions<sup>a</sup>,Oklahoma State U.,2,113,1998,1362,493,143,116,1450,1022,322,106,107,548,340,171,37
10742,r115,All institutions<sup>a</sup> -> U. Memphis,All institutions<sup>a</sup>,U. Memphis,2,114,1988,1513,201,274,112,1488,1192,130,166,116,500,321,71,108
10742,r116,"All institutions<sup>a</sup> -> U. California, Santa Barbara",All institutions<sup>a</sup>,"U. California, Santa Barbara",2,115,1965,1569,396,0,82,1965,1569,396,0,628,0,0,0,0
10742,r117,"All institutions<sup>a</sup> -> CUNY, Graduate Center",All institutions<sup>a</sup>,"CUNY, Graduate Center",2,116,1950,1896,0,54,95,1689,1635,0,54,192,261,261,0,0
10742,r118,All institutions<sup>a</sup> -> U. New Haven,All institutions<sup>a</sup>,U. New Haven,2,117,1948,899,811,238,94,1725,781,738,206,219,223,118,73,32
10742,r119,"All institutions<sup>a</sup> -> U. Massachusetts, Lowell",All institutions<sup>a</sup>,"U. Massachusetts, Lowell",2,117,1948,915,797,236,152,1020,488,404,128,57,928,427,393,108
10742,r120,All institutions<sup>a</sup> -> Vanderbilt U.,All institutions<sup>a</sup>,Vanderbilt U.,2,119,1909,1471,398,40,85,1889,1456,395,38,524,20,15,3,2
10742,r121,All institutions<sup>a</sup> -> Wichita State U.,All institutions<sup>a</sup>,Wichita State U.,2,120,1896,1413,426,57,113,1482,1185,243,54,142,414,228,183,3
10742,r122,All institutions<sup>a</sup> -> U. Wisconsin-Milwaukee,All institutions<sup>a</sup>,U. Wisconsin-Milwaukee,2,121,1889,1317,210,362,109,1499,1030,162,307,153,390,287,48,55
10742,r123,All institutions<sup>a</sup> -> U. South Carolina,All institutions<sup>a</sup>,U. South Carolina,2,122,1876,1049,364,463,107,1525,935,303,287,164,351,114,61,176
10742,r124,All institutions<sup>a</sup> -> American U.,All institutions<sup>a</sup>,American U.,2,123,1875,1856,0,19,138,1184,1180,0,4,79,691,676,0,15
10742,r125,All institutions<sup>a</sup> -> U. Iowa,All institutions<sup>a</sup>,U. Iowa,2,124,1862,1277,277,308,98,1607,1126,225,256,201,255,151,52,52
10742,r126,All institutions<sup>a</sup> -> Washington State U.,All institutions<sup>a</sup>,Washington State U.,2,125,1800,1269,413,118,104,1557,1113,342,102,209,243,156,71,16
10742,r127,All institutions<sup>a</sup> -> Tulane U.,All institutions<sup>a</sup>,Tulane U.,2,126,1753,980,100,673,119,1431,926,97,408,172,322,54,3,265
10742,r128,All institutions<sup>a</sup> -> Rochester Institute of Technology,All institutions<sup>a</sup>,Rochester Institute of Technology,2,127,1741,1264,458,19,127,1333,1008,324,1,145,408,256,134,18
10742,r129,All institutions<sup>a</sup> -> DePaul U.,All institutions<sup>a</sup>,DePaul U.,2,128,1738,1464,65,209,135,1217,982,43,192,113,521,482,22,17
10742,r130,All institutions<sup>a</sup> -> West Virginia U.,All institutions<sup>a</sup>,West Virginia U.,2,129,1737,1047,414,276,118,1433,866,336,231,178,304,181,78,45
10742,r131,"All institutions<sup>a</sup> -> U. Alabama, Tuscaloosa",All institutions<sup>a</sup>,"U. Alabama, Tuscaloosa",2,130,1734,934,552,248,131,1260,743,356,161,124,474,191,196,87
10742,r132,All institutions<sup>a</sup> -> U. Notre Dame,All institutions<sup>a</sup>,U. Notre Dame,2,131,1731,1038,693,0,97,1654,967,687,0,380,77,71,6,0
10742,r133,All institutions<sup>a</sup> -> Kansas State U.,All institutions<sup>a</sup>,Kansas State U.,2,132,1728,1406,274,48,141,1159,965,171,23,102,569,441,103,25
10742,r134,"All institutions<sup>a</sup> -> U. Hawaii, Manoa",All institutions<sup>a</sup>,"U. Hawaii, Manoa",2,133,1726,1297,260,169,121,1417,1067,227,123,176,309,230,33,46
10742,r135,All institutions<sup>a</sup> -> Temple U.,All institutions<sup>a</sup>,Temple U.,2,134,1724,1376,144,204,125,1362,1090,106,166,161,362,286,38,38
10742,r136,"All institutions<sup>a</sup> -> U. Missouri, Kansas City",All institutions<sup>a</sup>,"U. Missouri, Kansas City",2,135,1721,1475,175,71,129,1265,1132,101,32,128,456,343,74,39
10742,r137,"All institutions<sup>a</sup> -> California State U., Northridge",All institutions<sup>a</sup>,"California State U., Northridge",2,136,1704,544,320,840,195,729,306,159,264,53,975,238,161,576
10742,r138,All institutions<sup>a</sup> -> Old Dominion U.,All institutions<sup>a</sup>,Old Dominion U.,2,137,1692,835,748,109,205,654,418,158,78,47,1038,417,590,31
10742,r139,"All institutions<sup>a</sup> -> U. Maryland, Baltimore County",All institutions<sup>a</sup>,"U. Maryland, Baltimore County",2,138,1642,1436,206,0,132,1249,1106,143,0,151,393,330,63,0
10742,r140,All institutions<sup>a</sup> -> Worcester Polytechnic Institute,All institutions<sup>a</sup>,Worcester Polytechnic Institute,2,138,1642,575,1067,0,182,782,294,488,0,61,860,281,579,0
10742,r141,"All institutions<sup>a</sup> -> California State U., Fullerton",All institutions<sup>a</sup>,"California State U., Fullerton",2,140,1641,967,514,160,190,750,513,115,122,59,891,454,399,38
10742,r142,All institutions<sup>a</sup> -> Eastern U.,All institutions<sup>a</sup>,Eastern U.,2,141,1627,1627,0,0,262,413,413,0,0,37,1214,1214,0,0
10742,r143,All institutions<sup>a</sup> -> U. Rochester,All institutions<sup>a</sup>,U. Rochester,2,142,1616,1241,319,56,106,1531,1194,314,23,366,85,47,5,33
10742,r144,"All institutions<sup>a</sup> -> U. California, Santa Cruz",All institutions<sup>a</sup>,"U. California, Santa Cruz",2,143,1614,1503,111,0,102,1580,1475,105,0,471,34,28,6,0
10742,r145,"All institutions<sup>a</sup> -> U. Massachusetts, Boston",All institutions<sup>a</sup>,"U. Massachusetts, Boston",2,144,1548,1317,0,231,161,921,867,0,54,90,627,450,0,177
10742,r146,All institutions<sup>a</sup> -> Northwest Missouri State U.,All institutions<sup>a</sup>,Northwest Missouri State U.,2,145,1547,1547,0,0,192,744,744,0,0,69,803,803,0,0
10742,r147,All institutions<sup>a</sup> -> Saint Louis U.,All institutions<sup>a</sup>,Saint Louis U.,2,146,1541,1131,94,316,115,1471,1093,85,293,397,70,38,9,23
10742,r148,"All institutions<sup>a</sup> -> U. Nevada, Reno",All institutions<sup>a</sup>,"U. Nevada, Reno",2,147,1529,866,403,260,124,1366,773,362,231,277,163,93,41,29
10742,r149,All institutions<sup>a</sup> -> Kent State U.,All institutions<sup>a</sup>,Kent State U.,2,148,1520,1028,26,466,148,1077,828,24,225,133,443,200,2,241
10742,r150,All institutions<sup>a</sup> -> Colorado School of Mines,All institutions<sup>a</sup>,Colorado School of Mines,2,149,1519,504,1015,0,134,1233,433,800,0,186,286,71,215,0
10742,r151,All institutions<sup>a</sup> -> Emory U.,All institutions<sup>a</sup>,Emory U.,2,150,1513,1164,234,115,126,1353,1159,100,94,279,160,5,134,21
10742,r152,All institutions<sup>a</sup> -> Baylor U.,All institutions<sup>a</sup>,Baylor U.,2,151,1496,737,102,657,133,1235,674,101,460,192,261,63,1,197
10742,r153,All institutions<sup>a</sup> -> Virginia Commonwealth U.,All institutions<sup>a</sup>,Virginia Commonwealth U.,2,151,1496,802,275,419,142,1154,620,175,359,167,342,182,100,60
10742,r154,All institutions<sup>a</sup> -> Florida Atlantic U.,All institutions<sup>a</sup>,Florida Atlantic U.,2,153,1492,1074,272,146,173,837,617,134,86,86,655,457,138,60
10742,r155,All institutions<sup>a</sup> -> Cleveland State U.,All institutions<sup>a</sup>,Cleveland State U.,2,154,1489,846,576,67,136,1211,685,459,67,187,278,161,117,0
10742,r156,All institutions<sup>a</sup> -> Utah State U.,All institutions<sup>a</sup>,Utah State U.,2,155,1485,1015,288,182,209,614,350,143,121,60,871,665,145,61
10742,r157,All institutions<sup>a</sup> -> Pace U.,All institutions<sup>a</sup>,Pace U.,2,156,1472,1374,22,76,145,1127,1058,9,60,166,345,316,13,16
10742,r158,"All institutions<sup>a</sup> -> California State U., Long Beach",All institutions<sup>a</sup>,"California State U., Long Beach",2,157,1469,989,330,150,167,888,628,153,107,98,581,361,177,43
10742,r159,All institutions<sup>a</sup> -> Kennesaw State U.,All institutions<sup>a</sup>,Kennesaw State U.,2,158,1466,985,375,106,193,740,588,130,22,76,726,397,245,84
10742,r160,All institutions<sup>a</sup> -> U. Louisville,All institutions<sup>a</sup>,U. Louisville,2,159,1454,650,541,263,156,949,513,230,206,114,505,137,311,57
10742,r161,All institutions<sup>a</sup> -> Texas State U.,All institutions<sup>a</sup>,Texas State U.,2,160,1431,1090,130,211,155,986,715,97,174,130,445,375,33,37
10742,r162,"All institutions<sup>a</sup> -> U. Arkansas, Fayetteville",All institutions<sup>a</sup>,"U. Arkansas, Fayetteville",2,160,1431,823,525,83,188,756,480,207,69,81,675,343,318,14
10742,r163,All institutions<sup>a</sup> -> Northern Illinois U.,All institutions<sup>a</sup>,Northern Illinois U.,2,162,1429,934,157,338,166,904,709,93,102,111,525,225,64,236
10742,r164,All institutions<sup>a</sup> -> New Mexico State U.,All institutions<sup>a</sup>,New Mexico State U.,2,163,1425,910,331,184,159,923,617,203,103,115,502,293,128,81
10742,r165,All institutions<sup>a</sup> -> California Institute of Technology,All institutions<sup>a</sup>,California Institute of Technology,2,164,1419,852,567,0,120,1419,852,567,0,628,0,0,0,0
10742,r166,"All institutions<sup>a</sup> -> U. Texas, El Paso",All institutions<sup>a</sup>,"U. Texas, El Paso",2,165,1356,668,557,131,184,778,405,274,99,99,578,263,283,32
10742,r167,All institutions<sup>a</sup> -> Wright State U.,All institutions<sup>a</sup>,Wright State U.,2,166,1341,964,334,43,139,1164,869,256,39,261,177,95,78,4
10742,r168,All institutions<sup>a</sup> -> Ohio U.,All institutions<sup>a</sup>,Ohio U.,2,167,1322,831,263,228,180,788,567,116,105,109,534,264,147,123
10742,r169,All institutions<sup>a</sup> -> U. Dayton,All institutions<sup>a</sup>,U. Dayton,2,168,1297,806,491,0,143,1148,742,406,0,288,149,64,85,0
10742,r170,All institutions<sup>a</sup> -> Texas Woman's U.,All institutions<sup>a</sup>,Texas Woman's U.,2,169,1293,819,0,474,227,523,297,0,226,70,770,522,0,248
10742,r171,All institutions<sup>a</sup> -> Santa Clara U.,All institutions<sup>a</sup>,Santa Clara U.,2,170,1267,549,718,0,168,872,303,569,0,150,395,246,149,0
10742,r172,All institutions<sup>a</sup> -> Naval Postgraduate School,All institutions<sup>a</sup>,Naval Postgraduate School,2,171,1250,448,802,0,176,824,448,376,0,138,426,0,426,0
10742,r173,All institutions<sup>a</sup> -> Missouri U. of Science and Technology,All institutions<sup>a</sup>,Missouri U. of Science and Technology,2,172,1234,465,769,0,162,919,394,525,0,175,315,71,244,0
10742,r174,All institutions<sup>a</sup> -> Michigan Technological U.,All institutions<sup>a</sup>,Michigan Technological U.,2,173,1214,497,675,42,163,912,365,514,33,179,302,132,161,9
10742,r175,All institutions<sup>a</sup> -> Southern Methodist U.,All institutions<sup>a</sup>,Southern Methodist U.,2,173,1214,762,452,0,212,600,446,154,0,94,614,316,298,0
10742,r176,All institutions<sup>a</sup> -> Maharishi U. of Management,All institutions<sup>a</sup>,Maharishi U. of Management,2,175,1210,1210,0,0,153,998,998,0,0,228,212,212,0,0
10742,r177,All institutions<sup>a</sup> -> Northern Arizona U.,All institutions<sup>a</sup>,Northern Arizona U.,2,176,1187,600,372,215,157,941,498,345,98,206,246,102,27,117
10742,r178,All institutions<sup>a</sup> -> U. Oregon,All institutions<sup>a</sup>,U. Oregon,2,177,1186,1109,0,77,144,1141,1066,0,75,450,45,43,0,2
10742,r179,All institutions<sup>a</sup> -> Miami U.,All institutions<sup>a</sup>,Miami U.,2,178,1180,1048,50,82,221,550,424,47,79,89,630,624,3,3
10742,r180,"All institutions<sup>a</sup> -> U. North Carolina, Greensboro",All institutions<sup>a</sup>,"U. North Carolina, Greensboro",2,179,1179,822,0,357,203,684,492,0,192,119,495,330,0,165
10742,r181,All institutions<sup>a</sup> -> Brigham Young U.,All institutions<sup>a</sup>,Brigham Young U.,2,180,1173,727,349,97,237,507,325,116,66,82,666,402,233,31
10742,r182,All institutions<sup>a</sup> -> Brandeis U.,All institutions<sup>a</sup>,Brandeis U.,2,181,1170,1163,0,7,151,1023,1022,0,1,291,147,141,0,6
10742,r183,"All institutions<sup>a</sup> -> U. Nevada, Las Vegas",All institutions<sup>a</sup>,"U. Nevada, Las Vegas",2,182,1161,824,163,174,179,792,583,107,102,156,369,241,56,72
10742,r184,All institutions<sup>a</sup> -> U. San Francisco,All institutions<sup>a</sup>,U. San Francisco,2,183,1142,992,0,150,206,643,584,0,59,117,499,408,0,91
10742,r185,All institutions<sup>a</sup> -> Dartmouth C.,All institutions<sup>a</sup>,Dartmouth C.,2,184,1130,713,278,139,146,1109,704,277,128,517,21,9,1,11
10742,r186,All institutions<sup>a</sup> -> U. Idaho,All institutions<sup>a</sup>,U. Idaho,2,185,1127,873,254,0,207,633,519,114,0,120,494,354,140,0
10742,r187,All institutions<sup>a</sup> -> Portland State U.,All institutions<sup>a</sup>,Portland State U.,2,186,1126,911,131,84,196,728,608,51,69,147,398,303,80,15
10742,r188,All institutions<sup>a</sup> -> Harrisburg U. of Science and Technology,All institutions<sup>a</sup>,Harrisburg U. of Science and Technology,2,187,1123,1081,0,42,149,1076,1037,0,39,444,47,44,0,3
10742,r189,All institutions<sup>a</sup> -> North Dakota State U.,All institutions<sup>a</sup>,North Dakota State U.,2,188,1102,772,268,62,194,735,515,171,49,159,367,257,97,13
10742,r190,All institutions<sup>a</sup> -> Rush U.,All institutions<sup>a</sup>,Rush U.,2,189,1099,156,0,943,160,922,137,0,785,261,177,19,0,158
10742,r191,All institutions<sup>a</sup> -> U. North Dakota,All institutions<sup>a</sup>,U. North Dakota,2,190,1098,561,374,163,222,549,271,179,99,106,549,290,195,64
10742,r192,All institutions<sup>a</sup> -> U. Toledo,All institutions<sup>a</sup>,U. Toledo,2,191,1082,655,227,200,189,755,477,137,141,170,327,178,90,59
10742,r193,All institutions<sup>a</sup> -> U. New Hampshire,All institutions<sup>a</sup>,U. New Hampshire,2,192,1078,797,192,89,165,908,683,157,68,264,170,114,35,21
10742,r194,All institutions<sup>a</sup> -> U. Texas Rio Grande Valley,All institutions<sup>a</sup>,U. Texas Rio Grande Valley,2,193,1073,617,147,309,250,468,365,60,43,96,605,252,87,266
10742,r195,"All institutions<sup>a</sup> -> U. Alabama, Huntsville",All institutions<sup>a</sup>,"U. Alabama, Huntsville",2,194,1071,457,597,17,252,454,300,151,3,91,617,157,446,14
10742,r196,All institutions<sup>a</sup> -> Long Island U.,All institutions<sup>a</sup>,Long Island U.,2,195,1066,681,3,382,187,772,473,0,299,184,294,208,3,83
10742,r197,All institutions<sup>a</sup> -> Lehigh U.,All institutions<sup>a</sup>,Lehigh U.,2,196,1064,547,512,5,169,870,479,386,5,244,194,68,126,0
10742,r198,All institutions<sup>a</sup> -> U. Bridgeport,All institutions<sup>a</sup>,U. Bridgeport,2,197,1061,693,128,240,177,814,652,97,65,205,247,41,31,175
10742,r199,All institutions<sup>a</sup> -> California Baptist U.,All institutions<sup>a</sup>,California Baptist U.,2,198,1054,793,11,250,183,779,618,2,159,188,275,175,9,91
10742,r200,All institutions<sup>a</sup> -> Antioch U.,All institutions<sup>a</sup>,Antioch U.,2,199,1044,1044,0,0,164,909,909,0,0,304,135,135,0,0
10742,r201,All institutions<sup>a</sup> -> Western Michigan U.,All institutions<sup>a</sup>,Western Michigan U.,2,200,1038,705,221,112,158,924,643,192,89,327,114,62,29,23
10742,r202,All institutions<sup>a</sup> -> Claremont Graduate U.,All institutions<sup>a</sup>,Claremont Graduate U.,2,201,1033,868,0,165,210,609,531,0,78,140,424,337,0,87
10742,r203,All institutions<sup>a</sup> -> Southern Arkansas U.,All institutions<sup>a</sup>,Southern Arkansas U.,2,202,1018,1018,0,0,213,597,597,0,0,141,421,421,0,0
10742,r204,"All institutions<sup>a</sup> -> U. Illinois, Springfield",All institutions<sup>a</sup>,"U. Illinois, Springfield",2,203,1017,939,0,78,215,572,533,0,39,130,445,406,0,39
10742,r205,All institutions<sup>a</sup> -> Central Michigan U.,All institutions<sup>a</sup>,Central Michigan U.,2,204,1013,884,23,106,178,809,706,3,100,237,204,178,20,6
10742,r206,All institutions<sup>a</sup> -> U. West Florida,All institutions<sup>a</sup>,U. West Florida,2,205,1009,794,42,173,389,174,127,4,43,63,835,667,38,130
10742,r207,All institutions<sup>a</sup> -> Rowan U.,All institutions<sup>a</sup>,Rowan U.,2,206,1006,665,253,88,191,745,448,217,80,192,261,217,36,8
10742,r208,"All institutions<sup>a</sup> -> U. California, San Francisco",All institutions<sup>a</sup>,"U. California, San Francisco",2,207,992,745,115,132,154,992,745,115,132,628,0,0,0,0
10742,r209,All institutions<sup>a</sup> -> Troy U.,All institutions<sup>a</sup>,Troy U.,2,208,985,961,0,24,280,369,356,0,13,92,616,605,0,11
10742,r210,"All institutions<sup>a</sup> -> Southern Illinois U., Carbondale",All institutions<sup>a</sup>,"Southern Illinois U., Carbondale",2,209,984,737,150,97,186,774,576,108,90,230,210,161,42,7
10742,r211,All institutions<sup>a</sup> -> U. Wyoming,All institutions<sup>a</sup>,U. Wyoming,2,210,980,673,170,137,185,777,568,142,67,238,203,105,28,70
10742,r212,All institutions<sup>a</sup> -> New School,All institutions<sup>a</sup>,New School,2,211,975,975,0,0,173,837,837,0,0,300,138,138,0,0
10742,r213,All institutions<sup>a</sup> -> Western Illinois U.,All institutions<sup>a</sup>,Western Illinois U.,2,212,963,901,0,62,171,854,797,0,57,332,109,104,0,5
10742,r214,All institutions<sup>a</sup> -> U. Rhode Island,All institutions<sup>a</sup>,U. Rhode Island,2,213,935,651,164,120,196,728,514,111,103,234,207,137,53,17
10742,r215,All institutions<sup>a</sup> -> Oakland U.,All institutions<sup>a</sup>,Oakland U.,2,214,919,385,434,100,227,523,266,189,68,148,396,119,245,32
10742,r216,All institutions<sup>a</sup> -> U. Southern Mississippi,All institutions<sup>a</sup>,U. Southern Mississippi,2,215,898,561,72,265,200,714,447,66,201,255,184,114,6,64
10742,r217,All institutions<sup>a</sup> -> U. Maine,All institutions<sup>a</sup>,U. Maine,2,216,897,676,184,37,172,852,635,180,37,450,45,41,4,0
10742,r218,All institutions<sup>a</sup> -> U. Houston-Clear Lake,All institutions<sup>a</sup>,U. Houston-Clear Lake,2,217,893,755,124,14,215,572,510,59,3,173,321,245,65,11
10742,r219,All institutions<sup>a</sup> -> East Carolina U.,All institutions<sup>a</sup>,East Carolina U.,2,218,885,559,37,289,230,522,345,16,161,160,363,214,21,128
10742,r220,"All institutions<sup>a</sup> -> Rensselaer Polytechnic Institute, Troy",All institutions<sup>a</sup>,"Rensselaer Polytechnic Institute, Troy",2,219,882,343,539,0,175,828,337,491,0,435,54,6,48,0
10742,r221,All institutions<sup>a</sup> -> Montana State U.,All institutions<sup>a</sup>,Montana State U.,2,220,881,688,193,0,198,726,560,166,0,283,155,128,27,0
10742,r222,All institutions<sup>a</sup> -> U. Vermont,All institutions<sup>a</sup>,U. Vermont,2,221,880,601,107,172,202,699,520,90,89,256,181,81,17,83
10742,r223,All institutions<sup>a</sup> -> U. Mississippi,All institutions<sup>a</sup>,U. Mississippi,2,222,871,522,65,284,181,786,493,60,233,366,85,29,5,51
10742,r224,"All institutions<sup>a</sup> -> California State U., Los Angeles",All institutions<sup>a</sup>,"California State U., Los Angeles",2,223,870,579,165,126,241,491,349,59,83,154,379,230,106,43
10742,r225,All institutions<sup>a</sup> -> Lewis U.,All institutions<sup>a</sup>,Lewis U.,2,224,868,793,0,75,201,704,631,0,73,274,164,162,0,2
10742,r226,"All institutions<sup>a</sup> -> Southern Illinois U., Edwardsville",All institutions<sup>a</sup>,"Southern Illinois U., Edwardsville",2,225,866,449,352,65,217,567,254,259,54,183,299,195,93,11
10742,r227,All institutions<sup>a</sup> -> Texas A&M U.-Commerce,All institutions<sup>a</sup>,Texas A&M U.-Commerce,2,226,855,762,0,93,260,420,388,0,32,136,435,374,0,61
10742,r228,"All institutions<sup>a</sup> -> CUNY, Baruch C.",All institutions<sup>a</sup>,"CUNY, Baruch C.",2,227,820,778,42,0,403,154,146,8,0,82,666,632,34,0
10742,r229,All institutions<sup>a</sup> -> San Francisco State U.,All institutions<sup>a</sup>,San Francisco State U.,2,228,808,710,98,0,223,545,475,70,0,191,263,235,28,0
10742,r230,All institutions<sup>a</sup> -> Ball State U.,All institutions<sup>a</sup>,Ball State U.,2,229,805,721,0,84,271,394,332,0,62,143,411,389,0,22
10742,r231,All institutions<sup>a</sup> -> Sam Houston State U.,All institutions<sup>a</sup>,Sam Houston State U.,2,229,805,727,0,78,278,375,341,0,34,137,430,386,0,44
10742,r232,"All institutions<sup>a</sup> -> U. Nebraska, Omaha",All institutions<sup>a</sup>,"U. Nebraska, Omaha",2,231,793,793,0,0,292,349,349,0,0,132,444,444,0,0
10742,r233,"All institutions<sup>a</sup> -> California State Polytechnic U., Pomona",All institutions<sup>a</sup>,"California State Polytechnic U., Pomona",2,231,793,433,360,0,353,220,155,65,0,100,573,278,295,0
10742,r234,All institutions<sup>a</sup> -> Rivier U.,All institutions<sup>a</sup>,Rivier U.,2,233,779,500,0,279,246,478,475,0,3,180,301,25,0,276
10742,r235,All institutions<sup>a</sup> -> Clark U.,All institutions<sup>a</sup>,Clark U.,2,234,778,778,0,0,199,715,715,0,0,411,63,63,0,0
10742,r236,All institutions<sup>a</sup> -> Missouri State U.,All institutions<sup>a</sup>,Missouri State U.,2,235,770,560,0,210,235,510,339,0,171,195,260,221,0,39
10742,r237,All institutions<sup>a</sup> -> U. San Diego,All institutions<sup>a</sup>,U. San Diego,2,235,770,565,19,186,338,247,222,0,25,112,523,343,19,161
10742,r238,All institutions<sup>a</sup> -> Boston C.,All institutions<sup>a</sup>,Boston C.,2,237,769,747,0,22,204,679,661,0,18,360,90,86,0,4
10742,r239,"All institutions<sup>a</sup> -> California State U., Sacramento",All institutions<sup>a</sup>,"California State U., Sacramento",2,238,764,434,175,155,282,363,165,70,128,146,401,269,105,27
10742,r240,All institutions<sup>a</sup> -> U. Northern Colorado,All institutions<sup>a</sup>,U. Northern Colorado,2,239,754,486,0,268,282,363,230,0,133,152,391,256,0,135
10742,r241,All institutions<sup>a</sup> -> Grand Valley State U.,All institutions<sup>a</sup>,Grand Valley State U.,2,240,739,494,55,190,220,552,358,21,173,251,187,136,34,17
10742,r242,All institutions<sup>a</sup> -> Texas A&M U.-Kingsville,All institutions<sup>a</sup>,Texas A&M U.-Kingsville,2,241,732,399,245,88,232,516,313,140,63,223,216,86,105,25
10742,r243,All institutions<sup>a</sup> -> Marquette U.,All institutions<sup>a</sup>,Marquette U.,2,242,727,393,162,172,254,439,226,96,117,185,288,167,66,55
10742,r244,"All institutions<sup>a</sup> -> U. Massachusetts, Dartmouth",All institutions<sup>a</sup>,"U. Massachusetts, Dartmouth",2,243,714,525,164,25,275,380,289,88,3,169,334,236,76,22
10742,r245,All institutions<sup>a</sup> -> Bowling Green State U.,All institutions<sup>a</sup>,Bowling Green State U.,2,244,713,599,54,60,231,517,412,46,59,242,196,187,8,1
10742,r246,All institutions<sup>a</sup> -> Southeast Missouri State U.,All institutions<sup>a</sup>,Southeast Missouri State U.,2,245,705,664,0,41,225,539,506,0,33,269,166,158,0,8
10742,r247,All institutions<sup>a</sup> -> East Tennessee State U.,All institutions<sup>a</sup>,East Tennessee State U.,2,246,702,275,0,427,249,471,210,0,261,212,231,65,0,166
10742,r248,All institutions<sup>a</sup> -> U. South Dakota,All institutions<sup>a</sup>,U. South Dakota,2,247,688,427,14,247,239,500,357,7,136,249,188,70,7,111
10742,r249,All institutions<sup>a</sup> -> Georgia Southern U.,All institutions<sup>a</sup>,Georgia Southern U.,2,248,687,326,100,261,240,499,240,68,191,249,188,86,32,70
10742,r250,All institutions<sup>a</sup> -> Tarleton State U.,All institutions<sup>a</sup>,Tarleton State U.,2,249,685,579,12,94,354,218,184,9,25,127,467,395,3,69
10742,r251,All institutions<sup>a</sup> -> Villanova U.,All institutions<sup>a</sup>,Villanova U.,2,250,681,253,413,15,266,406,194,203,9,188,275,59,210,6
10742,r252,All institutions<sup>a</sup> -> Barry U.,All institutions<sup>a</sup>,Barry U.,2,251,678,559,0,119,259,423,359,0,64,201,255,200,0,55
10742,r253,All institutions<sup>a</sup> -> U. Montana,All institutions<sup>a</sup>,U. Montana,2,252,676,486,1,189,294,338,244,0,94,168,338,242,1,95
10742,r254,All institutions<sup>a</sup> -> U. Akron,All institutions<sup>a</sup>,U. Akron,2,253,671,367,209,95,242,485,271,153,61,252,186,96,56,34
10742,r255,All institutions<sup>a</sup> -> South Dakota State U.,All institutions<sup>a</sup>,South Dakota State U.,2,254,669,515,124,30,253,441,338,92,11,214,228,177,32,19
10742,r256,All institutions<sup>a</sup> -> New York Institute of Technology,All institutions<sup>a</sup>,New York Institute of Technology,2,255,667,529,103,35,226,538,439,64,35,312,129,90,39,0
10742,r257,"All institutions<sup>a</sup> -> U. North Texas, Health Science Center",All institutions<sup>a</sup>,"U. North Texas, Health Science Center",2,256,666,471,0,195,218,560,429,0,131,334,106,42,0,64
10742,r258,"All institutions<sup>a</sup> -> U. Puerto Rico, Mayaguez",All institutions<sup>a</sup>,"U. Puerto Rico, Mayaguez",2,257,665,403,242,20,210,609,375,223,11,429,56,28,19,9
10742,r259,All institutions<sup>a</sup> -> Illinois State U.,All institutions<sup>a</sup>,Illinois State U.,2,258,663,581,0,82,219,559,491,0,68,337,104,90,0,14
10742,r260,All institutions<sup>a</sup> -> Nova Southeastern U.,All institutions<sup>a</sup>,Nova Southeastern U.,2,258,663,584,0,79,304,309,284,0,25,163,354,300,0,54
10742,r261,All institutions<sup>a</sup> -> Azusa Pacific U.,All institutions<sup>a</sup>,Azusa Pacific U.,2,260,653,576,0,77,248,475,419,0,56,260,178,157,0,21
10742,r262,All institutions<sup>a</sup> -> Oregon Health and Science U.,All institutions<sup>a</sup>,Oregon Health and Science U.,2,261,647,309,81,257,244,483,260,80,143,274,164,49,1,114
10742,r263,All institutions<sup>a</sup> -> Eastern Washington U.,All institutions<sup>a</sup>,Eastern Washington U.,2,262,642,271,0,371,227,523,205,0,318,320,119,66,0,53
10742,r264,"All institutions<sup>a</sup> -> U. Louisiana, Lafayette",All institutions<sup>a</sup>,"U. Louisiana, Lafayette",2,263,639,420,154,65,224,543,361,124,58,347,96,59,30,7
10742,r265,All institutions<sup>a</sup> -> Boise State U.,All institutions<sup>a</sup>,Boise State U.,2,264,634,416,168,50,264,409,263,111,35,218,225,153,57,15
10742,r266,"All institutions<sup>a</sup> -> U. Puerto Rico, Rio Piedras",All institutions<sup>a</sup>,"U. Puerto Rico, Rio Piedras",2,265,631,631,0,0,331,262,262,0,0,156,369,369,0,0
10742,r267,All institutions<sup>a</sup> -> Towson U.,All institutions<sup>a</sup>,Towson U.,2,266,630,520,0,110,267,404,294,0,110,217,226,226,0,0
10742,r268,All institutions<sup>a</sup> -> St. Cloud State U.,All institutions<sup>a</sup>,St. Cloud State U.,2,267,627,380,147,100,300,327,214,47,66,182,300,166,100,34
10742,r269,"All institutions<sup>a</sup> -> U. California, Merced",All institutions<sup>a</sup>,"U. California, Merced",2,268,621,428,164,29,208,617,426,162,29,599,4,2,2,0
10742,r270,All institutions<sup>a</sup> -> California Institute of Integral Studies,All institutions<sup>a</sup>,California Institute of Integral Studies,2,269,619,619,0,0,238,502,502,0,0,323,117,117,0,0
10742,r271,All institutions<sup>a</sup> -> National Louis U.,All institutions<sup>a</sup>,National Louis U.,2,270,617,617,0,0,255,438,438,0,0,259,179,179,0,0
10742,r272,All institutions<sup>a</sup> -> North Carolina Agricultural and Technical State U.,All institutions<sup>a</sup>,North Carolina Agricultural and Technical State U.,2,271,604,255,349,0,269,401,181,220,0,238,203,74,129,0
10742,r273,All institutions<sup>a</sup> -> Howard U.,All institutions<sup>a</sup>,Howard U.,2,272,601,478,44,79,251,460,360,32,68,297,141,118,12,11
10742,r274,All institutions<sup>a</sup> -> Air Force Institute of Technology,All institutions<sup>a</sup>,Air Force Institute of Technology,2,273,600,129,468,3,256,434,103,329,2,269,166,26,139,1
10742,r275,All institutions<sup>a</sup> -> Baylor C. of Medicine,All institutions<sup>a</sup>,Baylor C. of Medicine,2,274,597,581,0,16,213,597,581,0,16,628,0,0,0,0
10742,r276,"All institutions<sup>a</sup> -> CUNY, City C.",All institutions<sup>a</sup>,"CUNY, City C.",2,275,594,343,251,0,301,326,144,182,0,190,268,199,69,0
10742,r277,"All institutions<sup>a</sup> -> California State U., Fresno",All institutions<sup>a</sup>,"California State U., Fresno",2,276,589,402,70,117,285,361,228,31,102,214,228,174,39,15
10742,r278,"All institutions<sup>a</sup> -> California State U., San Bernardino",All institutions<sup>a</sup>,"California State U., San Bernardino",2,277,583,554,0,29,235,510,481,0,29,390,73,73,0,0
10742,r279,All institutions<sup>a</sup> -> Idaho State U.,All institutions<sup>a</sup>,Idaho State U.,2,278,572,284,93,195,297,332,178,49,105,211,240,106,44,90
10742,r280,All institutions<sup>a</sup> -> Fielding Graduate U.,All institutions<sup>a</sup>,Fielding Graduate U.,2,279,567,567,0,0,245,479,479,0,0,361,88,88,0,0
10742,r281,All institutions<sup>a</sup> -> Saint Mary's U. Minnesota,All institutions<sup>a</sup>,Saint Mary's U. Minnesota,2,280,564,515,0,49,288,359,325,0,34,235,205,190,0,15
10742,r282,All institutions<sup>a</sup> -> Regis U.,All institutions<sup>a</sup>,Regis U.,2,281,563,548,0,15,263,410,403,0,7,284,153,145,0,8
10742,r283,"All institutions<sup>a</sup> -> Loyola U., Chicago",All institutions<sup>a</sup>,"Loyola U., Chicago",2,282,555,524,27,4,247,476,460,16,0,376,79,64,11,4
10742,r284,All institutions<sup>a</sup> -> Middle Tennessee State U.,All institutions<sup>a</sup>,Middle Tennessee State U.,2,283,553,506,0,47,657,0,0,0,0,104,553,506,0,47
10742,r285,"All institutions<sup>a</sup> -> U. Texas, Tyler",All institutions<sup>a</sup>,"U. Texas, Tyler",2,284,547,317,73,157,296,333,231,47,55,227,214,86,26,102
10742,r286,All institutions<sup>a</sup> -> Governors State U.,All institutions<sup>a</sup>,Governors State U.,2,285,546,390,0,156,265,407,289,0,118,298,139,101,0,38
10742,r287,"All institutions<sup>a</sup> -> U. Puerto Rico, Medical Sciences Campus",All institutions<sup>a</sup>,"U. Puerto Rico, Medical Sciences Campus",2,286,542,149,0,393,243,484,140,0,344,427,58,9,0,49
10742,r288,"All institutions<sup>a</sup> -> U. Nebraska, Medical Center",All institutions<sup>a</sup>,"U. Nebraska, Medical Center",2,287,534,418,0,116,319,279,228,0,51,201,255,190,0,65
10742,r289,All institutions<sup>a</sup> -> U. Texas Southwestern Medical Center,All institutions<sup>a</sup>,U. Texas Southwestern Medical Center,2,288,530,446,61,23,233,512,445,61,6,532,18,1,0,17
10742,r290,All institutions<sup>a</sup> -> Clarion U. Pennsylvania<sup>c</sup>,All institutions<sup>a</sup>,Clarion U. Pennsylvania<sup>c</sup>,2,289,529,134,0,395,299,329,41,0,288,240,200,93,0,107
10742,r291,All institutions<sup>a</sup> -> Marymount U.,All institutions<sup>a</sup>,Marymount U.,2,290,524,504,0,20,281,365,353,0,12,280,159,151,0,8
10742,r292,All institutions<sup>a</sup> -> Wake Forest U.,All institutions<sup>a</sup>,Wake Forest U.,2,291,523,409,68,46,234,511,404,68,39,553,12,5,0,7
10742,r293,All institutions<sup>a</sup> -> Fordham U.,All institutions<sup>a</sup>,Fordham U.,2,291,523,523,0,0,298,330,330,0,0,246,193,193,0,0
10742,r294,"All institutions<sup>a</sup> -> U. Alaska, Fairbanks",All institutions<sup>a</sup>,"U. Alaska, Fairbanks",2,291,523,468,55,0,374,197,170,27,0,171,326,298,28,0
10742,r295,All institutions<sup>a</sup> -> Texas A&M U.-Corpus Christi,All institutions<sup>a</sup>,Texas A&M U.-Corpus Christi,2,294,515,441,16,58,257,429,403,8,18,363,86,38,8,40
10742,r296,"All institutions<sup>a</sup> -> CUNY, Queens C.",All institutions<sup>a</sup>,"CUNY, Queens C.",2,295,512,434,0,78,317,285,226,0,59,216,227,208,0,19
10742,r297,"All institutions<sup>a</sup> -> California State U., East Bay",All institutions<sup>a</sup>,"California State U., East Bay",2,296,502,421,0,81,274,388,310,0,78,327,114,111,0,3
10742,r298,"All institutions<sup>a</sup> -> California State U., San Marcos",All institutions<sup>a</sup>,"California State U., San Marcos",2,297,501,406,0,95,277,376,289,0,87,314,125,117,0,8
10742,r299,All institutions<sup>a</sup> -> Marshall U.,All institutions<sup>a</sup>,Marshall U.,2,297,501,361,22,118,278,375,256,13,106,313,126,105,9,12
10742,r300,"All institutions<sup>a</sup> -> St. John's U., Queens",All institutions<sup>a</sup>,"St. John's U., Queens",2,299,495,318,0,177,271,394,238,0,156,341,101,80,0,21
10742,r301,All institutions<sup>a</sup> -> Seton Hall U.,All institutions<sup>a</sup>,Seton Hall U.,2,300,488,295,0,193,340,244,153,0,91,207,244,142,0,102
10742,r302,All institutions<sup>a</sup> -> West Chester U. Pennsylvania,All institutions<sup>a</sup>,West Chester U. Pennsylvania,2,301,476,285,0,191,333,261,123,0,138,225,215,162,0,53
10742,r303,All institutions<sup>a</sup> -> Palo Alto U.,All institutions<sup>a</sup>,Palo Alto U.,2,302,473,473,0,0,270,400,400,0,0,390,73,73,0,0
10742,r304,All institutions<sup>a</sup> -> Eastern Michigan U.,All institutions<sup>a</sup>,Eastern Michigan U.,2,303,468,341,0,127,363,209,125,0,84,196,259,216,0,43
10742,r305,"All institutions<sup>a</sup> -> SUNY, Downstate Medical Center",All institutions<sup>a</sup>,"SUNY, Downstate Medical Center",2,304,467,57,6,404,357,216,55,6,155,204,251,2,0,249
10742,r306,All institutions<sup>a</sup> -> Southern U. and A&M C.,All institutions<sup>a</sup>,Southern U. and A&M C.,2,305,466,389,19,58,324,270,207,11,52,242,196,182,8,6
10742,r307,All institutions<sup>a</sup> -> A. T. Still U.,All institutions<sup>a</sup>,A. T. Still U.,2,306,461,19,0,442,311,294,12,0,282,265,167,7,0,160
10742,r308,All institutions<sup>a</sup> -> U. South Alabama,All institutions<sup>a</sup>,U. South Alabama,2,307,454,293,100,61,273,391,256,77,58,411,63,37,23,3
10742,r309,"All institutions<sup>a</sup> -> U. Texas Health Science Center, San Antonio",All institutions<sup>a</sup>,"U. Texas Health Science Center, San Antonio",2,308,452,253,20,179,289,356,246,10,100,347,96,7,10,79
10742,r310,All institutions<sup>a</sup> -> Saint Joseph's U.<sup>d</sup>,All institutions<sup>a</sup>,Saint Joseph's U.<sup>d</sup>,2,308,452,356,0,96,425,131,118,0,13,173,321,238,0,83
10742,r311,All institutions<sup>a</sup> -> Morgan State U.,All institutions<sup>a</sup>,Morgan State U.,2,310,450,175,153,122,258,425,164,148,113,494,25,11,5,9
10742,r312,All institutions<sup>a</sup> -> Embry-Riddle Aeronautical U.,All institutions<sup>a</sup>,Embry-Riddle Aeronautical U.,2,311,447,119,328,0,261,414,110,304,0,475,33,9,24,0
10742,r313,All institutions<sup>a</sup> -> Pontifical Catholic U. Puerto Rico,All institutions<sup>a</sup>,Pontifical Catholic U. Puerto Rico,2,312,445,445,0,0,370,203,203,0,0,210,242,242,0,0
10742,r314,All institutions<sup>a</sup> -> Loma Linda U.,All institutions<sup>a</sup>,Loma Linda U.,2,313,438,200,0,238,309,302,144,0,158,303,136,56,0,80
10742,r315,All institutions<sup>a</sup> -> Massachusetts C. of Pharmacy and Health Sciences,All institutions<sup>a</sup>,Massachusetts C. of Pharmacy and Health Sciences,2,314,433,22,0,411,387,175,22,0,153,198,258,0,0,258
10742,r316,"All institutions<sup>a</sup> -> U. North Carolina, Wilmington",All institutions<sup>a</sup>,"U. North Carolina, Wilmington",2,315,427,427,0,0,290,352,352,0,0,386,75,75,0,0
10742,r317,"All institutions<sup>a</sup> -> California Polytechnic State U., San Luis Obispo",All institutions<sup>a</sup>,"California Polytechnic State U., San Luis Obispo",2,315,427,231,196,0,313,292,138,154,0,304,135,93,42,0
10742,r318,All institutions<sup>a</sup> -> Clarkson U.,All institutions<sup>a</sup>,Clarkson U.,2,317,426,159,267,0,306,307,131,176,0,320,119,28,91,0
10742,r319,All institutions<sup>a</sup> -> U. New England,All institutions<sup>a</sup>,U. New England,2,318,424,205,0,219,315,289,155,0,134,304,135,50,0,85
10742,r320,"All institutions<sup>a</sup> -> Keiser U., Fort Lauderdale",All institutions<sup>a</sup>,"Keiser U., Fort Lauderdale",2,319,420,420,0,0,295,334,334,0,0,363,86,86,0,0
10742,r321,All institutions<sup>a</sup> -> William and Mary,All institutions<sup>a</sup>,William and Mary,2,320,417,417,0,0,268,402,402,0,0,542,15,15,0,0
10742,r322,All institutions<sup>a</sup> -> U. Arkansas for Medical Sciences,All institutions<sup>a</sup>,U. Arkansas for Medical Sciences,2,320,417,137,0,280,354,218,103,0,115,241,199,34,0,165
10742,r323,All institutions<sup>a</sup> -> Yeshiva U.,All institutions<sup>a</sup>,Yeshiva U.,2,322,414,271,0,143,319,279,150,0,129,304,135,121,0,14
10742,r324,All institutions<sup>a</sup> -> Dakota State U.,All institutions<sup>a</sup>,Dakota State U.,2,323,411,391,0,20,340,244,229,0,15,265,167,162,0,5
10742,r325,All institutions<sup>a</sup> -> Touro C.,All institutions<sup>a</sup>,Touro C.,2,324,410,313,0,97,307,306,210,0,96,337,104,103,0,1
10742,r326,All institutions<sup>a</sup> -> U. Tulsa,All institutions<sup>a</sup>,U. Tulsa,2,325,406,238,127,41,282,363,197,125,41,456,43,41,2,0
10742,r327,All institutions<sup>a</sup> -> Tennessee State U.,All institutions<sup>a</sup>,Tennessee State U.,2,326,404,253,61,90,344,240,158,37,45,274,164,95,24,45
10742,r328,All institutions<sup>a</sup> -> Hofstra U.,All institutions<sup>a</sup>,Hofstra U.,2,327,402,212,0,190,303,310,174,0,136,356,92,38,0,54
10742,r329,All institutions<sup>a</sup> -> Thomas Jefferson U.,All institutions<sup>a</sup>,Thomas Jefferson U.,2,328,400,283,7,110,365,206,162,5,39,244,194,121,2,71
10742,r330,"All institutions<sup>a</sup> -> CUNY, John Jay C. of Criminal Justice",All institutions<sup>a</sup>,"CUNY, John Jay C. of Criminal Justice",2,329,399,399,0,0,402,155,155,0,0,207,244,244,0,0
10742,r331,All institutions<sup>a</sup> -> Western Kentucky U.,All institutions<sup>a</sup>,Western Kentucky U.,2,330,396,175,0,221,318,281,101,0,180,324,115,74,0,41
10742,r332,"All institutions<sup>a</sup> -> U. Missouri, Saint Louis",All institutions<sup>a</sup>,"U. Missouri, Saint Louis",2,331,392,372,0,20,365,206,203,0,3,252,186,169,0,17
10742,r333,"All institutions<sup>a</sup> -> U. Arkansas, Little Rock",All institutions<sup>a</sup>,"U. Arkansas, Little Rock",2,332,391,361,25,5,350,224,209,15,0,265,167,152,10,5
10742,r334,All institutions<sup>a</sup> -> Uniformed Services U. of the Health Sciences,All institutions<sup>a</sup>,Uniformed Services U. of the Health Sciences,2,333,389,131,0,258,275,380,131,0,249,577,9,0,0,9
10742,r335,All institutions<sup>a</sup> -> Southern Connecticut State U.,All institutions<sup>a</sup>,Southern Connecticut State U.,2,334,386,180,10,196,348,236,81,6,149,286,150,99,4,47
10742,r336,All institutions<sup>a</sup> -> Eastern Kentucky U.,All institutions<sup>a</sup>,Eastern Kentucky U.,2,334,386,286,0,100,385,176,95,0,81,230,210,191,0,19
10742,r337,All institutions<sup>a</sup> -> Simmons U.,All institutions<sup>a</sup>,Simmons U.,2,334,386,320,0,66,559,39,34,0,5,165,347,286,0,61
10742,r338,All institutions<sup>a</sup> -> Gannon U.,All institutions<sup>a</sup>,Gannon U.,2,337,383,298,85,0,291,350,279,71,0,475,33,19,14,0
10742,r339,All institutions<sup>a</sup> -> Eastern Virginia Medical School,All institutions<sup>a</sup>,Eastern Virginia Medical School,2,337,383,0,0,383,330,265,0,0,265,322,118,0,0,118
10742,r340,All institutions<sup>a</sup> -> Angelo State U.,All institutions<sup>a</sup>,Angelo State U.,2,337,383,373,0,10,394,168,160,0,8,225,215,213,0,2
10742,r341,All institutions<sup>a</sup> -> Fairleigh Dickinson U.,All institutions<sup>a</sup>,Fairleigh Dickinson U.,2,340,374,337,7,30,319,279,260,6,13,350,95,77,1,17
10742,r342,All institutions<sup>a</sup> -> North Carolina Central U.,All institutions<sup>a</sup>,North Carolina Central U.,2,341,371,261,0,110,325,267,157,0,110,337,104,104,0,0
10742,r343,All institutions<sup>a</sup> -> U. New Orleans,All institutions<sup>a</sup>,U. New Orleans,2,342,365,254,111,0,376,193,136,57,0,263,172,118,54,0
10742,r344,All institutions<sup>a</sup> -> Murray State U.,All institutions<sup>a</sup>,Murray State U.,2,343,362,316,0,46,308,303,257,0,46,423,59,59,0,0
10742,r345,All institutions<sup>a</sup> -> Medical C. Wisconsin,All institutions<sup>a</sup>,Medical C. Wisconsin,2,343,362,225,44,93,310,297,216,43,38,409,65,9,1,55
10742,r346,All institutions<sup>a</sup> -> Manhattan C.,All institutions<sup>a</sup>,Manhattan C.,2,343,362,0,362,0,311,294,0,294,0,404,68,0,68,0
10742,r347,All institutions<sup>a</sup> -> Icahn School of Medicine at Mt. Sinai,All institutions<sup>a</sup>,Icahn School of Medicine at Mt. Sinai,2,346,361,361,0,0,285,361,361,0,0,628,0,0,0,0
10742,r348,"All institutions<sup>a</sup> -> U. Massachusetts, Medical School",All institutions<sup>a</sup>,"U. Massachusetts, Medical School",2,346,361,361,0,0,287,360,360,0,0,615,1,1,0,0
10742,r349,All institutions<sup>a</sup> -> Appalachian State U.,All institutions<sup>a</sup>,Appalachian State U.,2,346,361,255,0,106,314,291,187,0,104,397,70,68,0,2
10742,r350,All institutions<sup>a</sup> -> Seattle U.,All institutions<sup>a</sup>,Seattle U.,2,346,361,328,33,0,387,175,169,6,0,252,186,159,27,0
10742,r351,All institutions<sup>a</sup> -> Kean U.,All institutions<sup>a</sup>,Kean U.,2,350,360,228,0,132,331,262,165,0,97,345,98,63,0,35
10742,r352,All institutions<sup>a</sup> -> U. Texas Medical Branch,All institutions<sup>a</sup>,U. Texas Medical Branch,2,351,359,269,0,90,361,213,181,0,32,293,146,88,0,58
10742,r353,All institutions<sup>a</sup> -> Augusta U.,All institutions<sup>a</sup>,Augusta U.,2,352,355,245,0,110,335,260,187,0,73,350,95,58,0,37
10742,r354,All institutions<sup>a</sup> -> U. Central Oklahoma,All institutions<sup>a</sup>,U. Central Oklahoma,2,352,355,257,19,79,352,222,163,11,48,308,133,94,8,31
10742,r355,"All institutions<sup>a</sup> -> California State U., Chico",All institutions<sup>a</sup>,"California State U., Chico",2,354,354,268,0,86,342,241,159,0,82,329,113,109,0,4
10742,r356,"All institutions<sup>a</sup> -> SUNY, C. of Environmental Science and Forestry",All institutions<sup>a</sup>,"SUNY, C. of Environmental Science and Forestry",2,355,352,300,52,0,342,241,211,30,0,331,111,89,22,0
10742,r357,All institutions<sup>a</sup> -> Albert Einstein C. of Medicine,All institutions<sup>a</sup>,Albert Einstein C. of Medicine,2,356,348,298,0,50,293,348,298,0,50,628,0,0,0,0
10742,r358,All institutions<sup>a</sup> -> Valparaiso U.,All institutions<sup>a</sup>,Valparaiso U.,2,357,343,334,0,9,329,266,259,0,7,380,77,75,0,2
10742,r359,"All institutions<sup>a</sup> -> Mayo Clinic, Mayo Graduate School",All institutions<sup>a</sup>,"Mayo Clinic, Mayo Graduate School",2,358,338,288,45,5,325,267,225,42,0,396,71,63,3,5
10742,r360,All institutions<sup>a</sup> -> Columbus State U.,All institutions<sup>a</sup>,Columbus State U.,2,358,338,324,10,4,429,122,114,5,3,223,216,210,5,1
10742,r361,All institutions<sup>a</sup> -> Western Washington U.,All institutions<sup>a</sup>,Western Washington U.,2,360,336,278,0,58,325,267,219,0,48,402,69,59,0,10
10742,r362,"All institutions<sup>a</sup> -> Inter American U. Puerto Rico, Metro",All institutions<sup>a</sup>,"Inter American U. Puerto Rico, Metro",2,361,335,253,0,82,351,223,162,0,61,330,112,91,0,21
10742,r363,All institutions<sup>a</sup> -> U. of the Pacific,All institutions<sup>a</sup>,U. of the Pacific,2,361,335,171,21,143,379,188,78,20,90,291,147,93,1,53
10742,r364,"All institutions<sup>a</sup> -> U. Louisiana, Monroe",All institutions<sup>a</sup>,"U. Louisiana, Monroe",2,363,329,207,0,122,360,214,109,0,105,324,115,98,0,17
10742,r365,All institutions<sup>a</sup> -> Bradley U.,All institutions<sup>a</sup>,Bradley U.,2,364,327,201,126,0,315,289,172,117,0,465,38,29,9,0
10742,r366,All institutions<sup>a</sup> -> Stephen F. Austin State U.,All institutions<sup>a</sup>,Stephen F. Austin State U.,2,365,323,227,0,96,357,216,122,0,94,333,107,105,0,2
10742,r367,All institutions<sup>a</sup> -> Scripps Research Institute,All institutions<sup>a</sup>,Scripps Research Institute,2,366,322,322,0,0,302,322,322,0,0,628,0,0,0,0
10742,r368,All institutions<sup>a</sup> -> Tennessee Technological U.,All institutions<sup>a</sup>,Tennessee Technological U.,2,367,321,127,194,0,469,90,41,49,0,212,231,86,145,0
10742,r369,All institutions<sup>a</sup> -> New Mexico Institute of Mining and Technology,All institutions<sup>a</sup>,New Mexico Institute of Mining and Technology,2,368,320,145,175,0,346,238,118,120,0,371,82,27,55,0
10742,r370,All institutions<sup>a</sup> -> Sage Colleges,All institutions<sup>a</sup>,Sage Colleges,2,369,318,318,0,0,520,60,60,0,0,198,258,258,0,0
10742,r371,"All institutions<sup>a</sup> -> CUNY, Brooklyn C.",All institutions<sup>a</sup>,"CUNY, Brooklyn C.",2,370,317,228,0,89,440,109,44,0,65,233,208,184,0,24
10742,r372,All institutions<sup>a</sup> -> Philadelphia C. of Osteopathic Medicine,All institutions<sup>a</sup>,Philadelphia C. of Osteopathic Medicine,2,371,315,315,0,0,325,267,267,0,0,442,48,48,0,0
10742,r373,All institutions<sup>a</sup> -> Lawrence Technological U.,All institutions<sup>a</sup>,Lawrence Technological U.,2,371,315,88,227,0,522,59,10,49,0,200,256,78,178,0
10742,r374,All institutions<sup>a</sup> -> Louisiana Tech U.,All institutions<sup>a</sup>,Louisiana Tech U.,2,373,314,175,100,39,337,253,136,78,39,417,61,39,22,0
10742,r375,All institutions<sup>a</sup> -> Polytechnic U. Puerto Rico,All institutions<sup>a</sup>,Polytechnic U. Puerto Rico,2,374,313,49,264,0,396,167,29,138,0,293,146,20,126,0
10742,r376,"All institutions<sup>a</sup> -> U. Tennessee, Health Science Center",All institutions<sup>a</sup>,"U. Tennessee, Health Science Center",2,375,310,176,6,128,304,309,175,6,128,615,1,1,0,0
10742,r377,All institutions<sup>a</sup> -> U. of Saint Joseph,All institutions<sup>a</sup>,U. of Saint Joseph,2,375,310,289,0,21,466,91,89,0,2,222,219,200,0,19
10742,r378,All institutions<sup>a</sup> -> Chapman U.,All institutions<sup>a</sup>,Chapman U.,2,377,309,177,0,132,354,218,96,0,122,357,91,81,0,10
10742,r379,"All institutions<sup>a</sup> -> SUNY, Polytechnic Institute",All institutions<sup>a</sup>,"SUNY, Polytechnic Institute",2,377,309,208,75,26,385,176,132,36,8,308,133,76,39,18
10742,r380,All institutions<sup>a</sup> -> Florida A&M U.,All institutions<sup>a</sup>,Florida A&M U.,2,379,307,194,68,45,336,259,153,65,41,442,48,41,3,4
10742,r381,All institutions<sup>a</sup> -> Eastern Illinois U.,All institutions<sup>a</sup>,Eastern Illinois U.,2,380,306,208,0,98,371,201,114,0,87,336,105,94,0,11
10742,r382,All institutions<sup>a</sup> -> Roosevelt U.,All institutions<sup>a</sup>,Roosevelt U.,2,381,305,305,0,0,368,204,204,0,0,341,101,101,0,0
10742,r383,"All institutions<sup>a</sup> -> Minnesota State U., Mankato",All institutions<sup>a</sup>,"Minnesota State U., Mankato",2,381,305,198,16,91,382,183,98,8,77,317,122,100,8,14
10742,r384,All institutions<sup>a</sup> -> Mercer U.,All institutions<sup>a</sup>,Mercer U.,2,383,303,44,59,200,346,238,42,34,162,409,65,2,25,38
10742,r385,All institutions<sup>a</sup> -> Endicott C.,All institutions<sup>a</sup>,Endicott C.,2,383,303,289,0,14,547,44,44,0,0,196,259,245,0,14
10742,r386,All institutions<sup>a</sup> -> Arkansas State U.,All institutions<sup>a</sup>,Arkansas State U.,2,385,301,223,8,70,398,164,98,1,65,302,137,125,7,5
10742,r387,All institutions<sup>a</sup> -> U. North Florida,All institutions<sup>a</sup>,U. North Florida,2,386,300,189,28,83,381,185,109,15,61,324,115,80,13,22
10742,r388,All institutions<sup>a</sup> -> Jacksonville U.,All institutions<sup>a</sup>,Jacksonville U.,2,387,292,94,0,198,357,216,20,0,196,383,76,74,0,2
10742,r389,"All institutions<sup>a</sup> -> U. Tennessee, Chattanooga",All institutions<sup>a</sup>,"U. Tennessee, Chattanooga",2,388,291,199,47,45,378,191,139,22,30,343,100,60,25,15
10742,r390,All institutions<sup>a</sup> -> James Madison U.,All institutions<sup>a</sup>,James Madison U.,2,389,290,196,0,94,365,206,139,0,67,369,84,57,0,27
10742,r391,All institutions<sup>a</sup> -> Catholic U. of America,All institutions<sup>a</sup>,Catholic U. of America,2,390,284,182,102,0,373,198,120,78,0,363,86,62,24,0
10742,r392,All institutions<sup>a</sup> -> Indiana U. Pennsylvania,All institutions<sup>a</sup>,Indiana U. Pennsylvania,2,390,284,223,0,61,403,154,97,0,57,310,130,126,0,4
10742,r393,All institutions<sup>a</sup> -> New Jersey City U.,All institutions<sup>a</sup>,New Jersey City U.,2,392,282,157,0,125,488,77,65,0,12,235,205,92,0,113
10742,r394,All institutions<sup>a</sup> -> South Dakota School of Mines and Technology,All institutions<sup>a</sup>,South Dakota School of Mines and Technology,2,393,281,64,217,0,363,209,51,158,0,394,72,13,59,0
10742,r395,All institutions<sup>a</sup> -> Morehouse School of Medicine,All institutions<sup>a</sup>,Morehouse School of Medicine,2,394,280,134,0,146,333,261,126,0,135,527,19,8,0,11
10742,r396,All institutions<sup>a</sup> -> Northern Kentucky U.,All institutions<sup>a</sup>,Northern Kentucky U.,2,395,279,176,0,103,453,98,66,0,32,256,181,110,0,71
10742,r397,All institutions<sup>a</sup> -> Keck Graduate Institute,All institutions<sup>a</sup>,Keck Graduate Institute,2,396,278,179,29,70,322,277,178,29,70,615,1,1,0,0
10742,r398,All institutions<sup>a</sup> -> Central Washington U.,All institutions<sup>a</sup>,Central Washington U.,2,397,276,236,7,33,377,192,168,0,24,369,84,68,7,9
10742,r399,All institutions<sup>a</sup> -> Emporia State U.,All institutions<sup>a</sup>,Emporia State U.,2,398,274,274,0,0,436,116,116,0,0,282,158,158,0,0
10742,r400,All institutions<sup>a</sup> -> Rockefeller U.,All institutions<sup>a</sup>,Rockefeller U.,2,399,273,273,0,0,323,273,273,0,0,628,0,0,0,0
10742,r401,All institutions<sup>a</sup> -> Benedictine U.,All institutions<sup>a</sup>,Benedictine U.,2,399,273,110,0,163,462,93,72,0,21,258,180,38,0,142
10742,r402,"All institutions<sup>a</sup> -> Touro U., Vallejo",All institutions<sup>a</sup>,"Touro U., Vallejo",2,401,271,0,0,271,339,246,0,0,246,494,25,0,0,25
10742,r403,All institutions<sup>a</sup> -> New York Medical C.,All institutions<sup>a</sup>,New York Medical C.,2,402,270,165,0,105,362,211,126,0,85,423,59,39,0,20
10742,r404,All institutions<sup>a</sup> -> Midwestern State U.,All institutions<sup>a</sup>,Midwestern State U.,2,402,270,270,0,0,394,168,168,0,0,340,102,102,0,0
10742,r405,All institutions<sup>a</sup> -> U. Hartford,All institutions<sup>a</sup>,U. Hartford,2,404,269,207,62,0,444,102,84,18,0,265,167,123,44,0
10742,r406,All institutions<sup>a</sup> -> Central Connecticut State U.,All institutions<sup>a</sup>,Central Connecticut State U.,2,405,265,237,28,0,490,76,73,3,0,247,189,164,25,0
10742,r407,All institutions<sup>a</sup> -> Duquesne U.,All institutions<sup>a</sup>,Duquesne U.,2,406,264,163,0,101,349,232,136,0,96,479,32,27,0,5
10742,r408,All institutions<sup>a</sup> -> Austin Peay State U.,All institutions<sup>a</sup>,Austin Peay State U.,2,407,262,262,0,0,455,97,97,0,0,273,165,165,0,0
10742,r409,All institutions<sup>a</sup> -> Northeastern Illinois U.,All institutions<sup>a</sup>,Northeastern Illinois U.,2,408,258,182,0,76,459,95,53,0,42,277,163,129,0,34
10742,r410,"All institutions<sup>a</sup> -> U. Nebraska, Kearney",All institutions<sup>a</sup>,"U. Nebraska, Kearney",2,409,257,175,0,82,501,68,22,0,46,247,189,153,0,36
10742,r411,All institutions<sup>a</sup> -> U. Northern Iowa,All institutions<sup>a</sup>,U. Northern Iowa,2,410,255,141,0,114,384,179,69,0,110,383,76,72,0,4
10742,r412,All institutions<sup>a</sup> -> U. West Georgia,All institutions<sup>a</sup>,U. West Georgia,2,411,248,182,0,66,449,100,67,0,33,290,148,115,0,33
10742,r413,"All institutions<sup>a</sup> -> Loyola U., Maryland",All institutions<sup>a</sup>,"Loyola U., Maryland",2,412,247,150,0,97,392,169,72,0,97,378,78,78,0,0
10742,r414,All institutions<sup>a</sup> -> Texas Christian U.,All institutions<sup>a</sup>,Texas Christian U.,2,413,246,179,0,67,345,239,173,0,66,582,7,6,0,1
10742,r415,All institutions<sup>a</sup> -> U. Wisconsin-La Crosse,All institutions<sup>a</sup>,U. Wisconsin-La Crosse,2,414,239,209,18,12,494,73,49,12,12,269,166,160,6,0
10742,r416,All institutions<sup>a</sup> -> Indiana State U.,All institutions<sup>a</sup>,Indiana State U.,2,415,238,187,0,51,415,143,92,0,51,350,95,95,0,0
10742,r417,"All institutions<sup>a</sup> -> U. Michigan, Flint",All institutions<sup>a</sup>,"U. Michigan, Flint",2,416,237,107,0,130,407,152,51,0,101,366,85,56,0,29
10742,r418,All institutions<sup>a</sup> -> Humboldt State U.,All institutions<sup>a</sup>,Humboldt State U.,2,417,236,236,0,0,392,169,169,0,0,408,67,67,0,0
10742,r419,All institutions<sup>a</sup> -> Northeastern State U.,All institutions<sup>a</sup>,Northeastern State U.,2,417,236,173,0,63,412,145,102,0,43,357,91,71,0,20
10742,r420,All institutions<sup>a</sup> -> U. Indianapolis,All institutions<sup>a</sup>,U. Indianapolis,2,417,236,115,0,121,476,84,64,0,20,285,152,51,0,101
10742,r421,All institutions<sup>a</sup> -> William Paterson U.,All institutions<sup>a</sup>,William Paterson U.,2,420,235,111,0,124,406,153,70,0,83,371,82,41,0,41
10742,r422,All institutions<sup>a</sup> -> Southeastern Louisiana U.,All institutions<sup>a</sup>,Southeastern Louisiana U.,2,421,230,109,0,121,391,170,67,0,103,420,60,42,0,18
10742,r423,All institutions<sup>a</sup> -> Fitchburg State U.,All institutions<sup>a</sup>,Fitchburg State U.,2,422,227,227,0,0,368,204,204,0,0,505,23,23,0,0
10742,r424,"All institutions<sup>a</sup> -> California State U., Dominguez Hills",All institutions<sup>a</sup>,"California State U., Dominguez Hills",2,423,226,226,0,0,397,166,166,0,0,420,60,60,0,0
10742,r425,"All institutions<sup>a</sup> -> Texas A&M U., San Antonio",All institutions<sup>a</sup>,"Texas A&M U., San Antonio",2,423,226,218,0,8,479,80,78,0,2,293,146,140,0,6
10742,r426,All institutions<sup>a</sup> -> Hood C.,All institutions<sup>a</sup>,Hood C.,2,425,224,224,0,0,461,94,94,0,0,310,130,130,0,0
10742,r427,All institutions<sup>a</sup> -> U. North Alabama,All institutions<sup>a</sup>,U. North Alabama,2,425,224,164,30,30,481,79,55,1,23,296,145,109,29,7
10742,r428,All institutions<sup>a</sup> -> Medical U. South Carolina,All institutions<sup>a</sup>,Medical U. South Carolina,2,427,223,156,0,67,389,174,155,0,19,440,49,1,0,48
10742,r429,All institutions<sup>a</sup> -> U. Central Arkansas,All institutions<sup>a</sup>,U. Central Arkansas,2,427,223,114,0,109,409,146,58,0,88,380,77,56,0,21
10742,r430,All institutions<sup>a</sup> -> Andrews U.,All institutions<sup>a</sup>,Andrews U.,2,429,221,55,0,166,416,142,52,0,90,376,79,3,0,76
10742,r431,All institutions<sup>a</sup> -> Loyola Marymount U.,All institutions<sup>a</sup>,Loyola Marymount U.,2,430,218,123,88,7,379,188,118,65,5,484,30,5,23,2
10742,r432,All institutions<sup>a</sup> -> Eastern New Mexico U.,All institutions<sup>a</sup>,Eastern New Mexico U.,2,431,216,81,0,135,409,146,47,0,99,397,70,34,0,36
10742,r433,All institutions<sup>a</sup> -> U. Wisconsin-Eau Claire,All institutions<sup>a</sup>,U. Wisconsin-Eau Claire,2,431,216,109,0,107,507,66,21,0,45,286,150,88,0,62
10742,r434,All institutions<sup>a</sup> -> Midwestern U.,All institutions<sup>a</sup>,Midwestern U.,2,433,213,213,0,0,372,200,200,0,0,549,13,13,0,0
10742,r435,All institutions<sup>a</sup> -> U. La Verne,All institutions<sup>a</sup>,U. La Verne,2,434,208,208,0,0,444,102,102,0,0,334,106,106,0,0
10742,r436,All institutions<sup>a</sup> -> Citadel Military C. South Carolina,All institutions<sup>a</sup>,Citadel Military C. South Carolina,2,434,208,163,30,15,522,59,51,4,4,288,149,112,26,11
10742,r437,All institutions<sup>a</sup> -> Mississippi C.,All institutions<sup>a</sup>,Mississippi C.,2,436,206,204,2,0,409,146,146,0,0,420,60,58,2,0
10742,r438,"All institutions<sup>a</sup> -> SUNY, New Paltz",All institutions<sup>a</sup>,"SUNY, New Paltz",2,437,204,145,5,54,383,182,128,3,51,512,22,17,2,3
10742,r439,All institutions<sup>a</sup> -> Kansas City U. of Medicine and Biosciences,All institutions<sup>a</sup>,Kansas City U. of Medicine and Biosciences,2,437,204,138,0,66,419,136,136,0,0,404,68,2,0,66
10742,r440,All institutions<sup>a</sup> -> C. of Saint Rose,All institutions<sup>a</sup>,C. of Saint Rose,2,439,200,120,0,80,403,154,75,0,79,446,46,45,0,1
10742,r441,All institutions<sup>a</sup> -> Meharry Medical C.,All institutions<sup>a</sup>,Meharry Medical C.,2,440,195,152,0,43,375,194,151,0,43,615,1,1,0,0
10742,r442,All institutions<sup>a</sup> -> U. Houston-Victoria,All institutions<sup>a</sup>,U. Houston-Victoria,2,440,195,195,0,0,437,115,115,0,0,374,80,80,0,0
10742,r443,All institutions<sup>a</sup> -> Monmouth U.,All institutions<sup>a</sup>,Monmouth U.,2,442,189,100,12,77,435,117,35,5,77,394,72,65,7,0
10742,r444,All institutions<sup>a</sup> -> Avila U.,All institutions<sup>a</sup>,Avila U.,2,443,188,173,0,15,399,163,150,0,13,494,25,23,0,2
10742,r445,All institutions<sup>a</sup> -> Texas Southern U.,All institutions<sup>a</sup>,Texas Southern U.,2,443,188,170,0,18,408,148,132,0,16,462,40,38,0,2
10742,r446,All institutions<sup>a</sup> -> Montana Tech of U. Montana,All institutions<sup>a</sup>,Montana Tech of U. Montana,2,445,185,40,54,91,511,65,19,33,13,319,120,21,21,78
10742,r447,All institutions<sup>a</sup> -> Butler U.,All institutions<sup>a</sup>,Butler U.,2,446,184,40,0,144,607,18,0,0,18,269,166,40,0,126
10742,r448,All institutions<sup>a</sup> -> Chatham U.,All institutions<sup>a</sup>,Chatham U.,2,447,183,183,0,0,417,141,141,0,0,457,42,42,0,0
10742,r449,All institutions<sup>a</sup> -> C. Charleston,All institutions<sup>a</sup>,C. Charleston,2,448,182,182,0,0,471,87,87,0,0,350,95,95,0,0
10742,r450,All institutions<sup>a</sup> -> U. of the District of Columbia,All institutions<sup>a</sup>,U. of the District of Columbia,2,449,180,119,21,40,428,124,70,18,36,429,56,49,3,4
10742,r451,All institutions<sup>a</sup> -> Youngstown State U.,All institutions<sup>a</sup>,Youngstown State U.,2,450,178,107,71,0,400,161,97,64,0,537,17,10,7,0
10742,r452,All institutions<sup>a</sup> -> Quinnipiac U.,All institutions<sup>a</sup>,Quinnipiac U.,2,450,178,178,0,0,441,108,108,0,0,397,70,70,0,0
10742,r453,All institutions<sup>a</sup> -> West Texas A&M U.,All institutions<sup>a</sup>,West Texas A&M U.,2,452,176,84,31,61,474,85,34,10,41,357,91,50,21,20
10742,r454,All institutions<sup>a</sup> -> Oklahoma Christian U.,All institutions<sup>a</sup>,Oklahoma Christian U.,2,453,172,0,172,0,418,137,0,137,0,468,35,0,35,0
10742,r455,All institutions<sup>a</sup> -> Valdosta State U.,All institutions<sup>a</sup>,Valdosta State U.,2,454,171,72,0,99,412,145,46,0,99,492,26,26,0,0
10742,r456,All institutions<sup>a</sup> -> Weber State U.,All institutions<sup>a</sup>,Weber State U.,2,454,171,50,22,99,432,121,21,6,94,438,50,29,16,5
10742,r457,All institutions<sup>a</sup> -> Western New England U.,All institutions<sup>a</sup>,Western New England U.,2,454,171,121,50,0,541,48,7,41,0,316,123,114,9,0
10742,r458,All institutions<sup>a</sup> -> Commonwealth Medical C.,All institutions<sup>a</sup>,Commonwealth Medical C.,2,457,169,169,0,0,439,110,110,0,0,423,59,59,0,0
10742,r459,All institutions<sup>a</sup> -> Abilene Christian U.,All institutions<sup>a</sup>,Abilene Christian U.,2,458,167,55,0,112,401,156,44,0,112,559,11,11,0,0
10742,r460,"All institutions<sup>a</sup> -> California State U., Monterey Bay",All institutions<sup>a</sup>,"California State U., Monterey Bay",2,458,167,118,0,49,422,134,85,0,49,475,33,33,0,0
10742,r461,All institutions<sup>a</sup> -> Oklahoma City U.,All institutions<sup>a</sup>,Oklahoma City U.,2,460,166,128,0,38,429,122,108,0,14,455,44,20,0,24
10742,r462,All institutions<sup>a</sup> -> California Lutheran U.,All institutions<sup>a</sup>,California Lutheran U.,2,461,163,163,0,0,412,145,145,0,0,532,18,18,0,0
10742,r463,All institutions<sup>a</sup> -> U. Dallas,All institutions<sup>a</sup>,U. Dallas,2,462,161,161,0,0,516,62,62,0,0,344,99,99,0,0
10742,r464,All institutions<sup>a</sup> -> Calvin C.,All institutions<sup>a</sup>,Calvin C.,2,463,160,10,0,150,455,97,4,0,93,411,63,6,0,57
10742,r465,All institutions<sup>a</sup> -> La Salle U.,All institutions<sup>a</sup>,La Salle U.,2,464,157,98,0,59,424,132,74,0,58,494,25,24,0,1
10742,r466,"All institutions<sup>a</sup> -> SUNY, Buffalo State",All institutions<sup>a</sup>,"SUNY, Buffalo State",2,464,157,101,5,51,444,102,49,2,51,432,55,52,3,0
10742,r467,All institutions<sup>a</sup> -> Stockton U.,All institutions<sup>a</sup>,Stockton U.,2,464,157,95,0,62,459,95,37,0,58,415,62,58,0,4
10742,r468,All institutions<sup>a</sup> -> McNeese State U.,All institutions<sup>a</sup>,McNeese State U.,2,467,156,115,10,31,429,122,88,9,25,471,34,27,1,6
10742,r469,All institutions<sup>a</sup> -> Tuskegee U.,All institutions<sup>a</sup>,Tuskegee U.,2,468,154,126,20,8,419,136,111,18,7,532,18,15,2,1
10742,r470,All institutions<sup>a</sup> -> Salem State U.,All institutions<sup>a</sup>,Salem State U.,2,468,154,154,0,0,492,74,74,0,0,374,80,80,0,0
10742,r471,All institutions<sup>a</sup> -> Western Connecticut State U.,All institutions<sup>a</sup>,Western Connecticut State U.,2,470,151,151,0,0,623,12,12,0,0,298,139,139,0,0
10742,r472,"All institutions<sup>a</sup> -> CUNY, Lehman C.",All institutions<sup>a</sup>,"CUNY, Lehman C.",2,471,150,47,0,103,470,89,7,0,82,417,61,40,0,21
10742,r473,"All institutions<sup>a</sup> -> U. Alaska, Anchorage",All institutions<sup>a</sup>,"U. Alaska, Anchorage",2,471,150,96,22,32,527,57,41,5,11,355,93,55,17,21
10742,r474,All institutions<sup>a</sup> -> Norfolk State U.,All institutions<sup>a</sup>,Norfolk State U.,2,473,147,118,29,0,474,85,68,17,0,415,62,50,12,0
10742,r475,All institutions<sup>a</sup> -> Western Carolina U.,All institutions<sup>a</sup>,Western Carolina U.,2,474,146,85,0,61,419,136,75,0,61,567,10,10,0,0
10742,r476,All institutions<sup>a</sup> -> Jackson State U.,All institutions<sup>a</sup>,Jackson State U.,2,475,144,99,45,0,497,71,49,22,0,390,73,50,23,0
10742,r477,All institutions<sup>a</sup> -> Fayetteville State U.,All institutions<sup>a</sup>,Fayetteville State U.,2,476,141,121,0,20,497,71,60,0,11,397,70,61,0,9
10742,r478,All institutions<sup>a</sup> -> Molloy C.,All institutions<sup>a</sup>,Molloy C.,2,477,139,19,0,120,462,93,14,0,79,446,46,5,0,41
10742,r479,All institutions<sup>a</sup> -> Lipscomb U.,All institutions<sup>a</sup>,Lipscomb U.,2,478,137,130,0,7,444,102,95,0,7,468,35,35,0,0
10742,r480,All institutions<sup>a</sup> -> U. Wisconsin-Stevens Point,All institutions<sup>a</sup>,U. Wisconsin-Stevens Point,2,478,137,78,0,59,485,78,19,0,59,423,59,59,0,0
10742,r481,"All institutions<sup>a</sup> -> SUNY, Upstate Medical U.",All institutions<sup>a</sup>,"SUNY, Upstate Medical U.",2,480,136,136,0,0,422,134,134,0,0,609,2,2,0,0
10742,r482,All institutions<sup>a</sup> -> Radford U.,All institutions<sup>a</sup>,Radford U.,2,480,136,72,0,64,432,121,57,0,64,542,15,15,0,0
10742,r483,All institutions<sup>a</sup> -> Seattle Pacific U.,All institutions<sup>a</sup>,Seattle Pacific U.,2,482,135,135,0,0,477,82,82,0,0,436,53,53,0,0
10742,r484,All institutions<sup>a</sup> -> Nicholls State U.,All institutions<sup>a</sup>,Nicholls State U.,2,483,133,133,0,0,465,92,92,0,0,461,41,41,0,0
10742,r485,All institutions<sup>a</sup> -> Iona C.,All institutions<sup>a</sup>,Iona C.,2,484,131,67,0,64,432,121,57,0,64,567,10,10,0,0
10742,r486,"All institutions<sup>a</sup> -> St. Mary's U., San Antonio",All institutions<sup>a</sup>,"St. Mary's U., San Antonio",2,485,128,79,49,0,505,67,47,20,0,417,61,32,29,0
10742,r487,All institutions<sup>a</sup> -> U. Wisconsin-Platteville,All institutions<sup>a</sup>,U. Wisconsin-Platteville,2,485,128,55,73,0,642,4,2,2,0,315,124,53,71,0
10742,r488,All institutions<sup>a</sup> -> MGH Institute of Health Professions,All institutions<sup>a</sup>,MGH Institute of Health Professions,2,487,126,0,0,126,426,126,0,0,126,628,0,0,0,0
10742,r489,All institutions<sup>a</sup> -> Pardee RAND Graduate School,All institutions<sup>a</sup>,Pardee RAND Graduate School,2,488,125,125,0,0,427,125,125,0,0,628,0,0,0,0
10742,r490,All institutions<sup>a</sup> -> Creighton U.,All institutions<sup>a</sup>,Creighton U.,2,489,124,70,0,54,453,98,67,0,31,492,26,3,0,23
10742,r491,All institutions<sup>a</sup> -> East Stroudsburg U. Pennsylvania,All institutions<sup>a</sup>,East Stroudsburg U. Pennsylvania,2,490,123,28,0,95,443,103,16,0,87,524,20,12,0,8
10742,r492,All institutions<sup>a</sup> -> Shippensburg U. Pennsylvania,All institutions<sup>a</sup>,Shippensburg U. Pennsylvania,2,491,121,121,0,0,449,100,100,0,0,517,21,21,0,0
10742,r493,"All institutions<sup>a</sup> -> U. Texas, Permian Basin",All institutions<sup>a</sup>,"U. Texas, Permian Basin",2,491,121,97,12,12,481,79,64,7,8,457,42,33,5,4
10742,r494,All institutions<sup>a</sup> -> Robert Morris U.,All institutions<sup>a</sup>,Robert Morris U.,2,491,121,121,0,0,657,0,0,0,0,318,121,121,0,0
10742,r495,All institutions<sup>a</sup> -> Niagara U.,All institutions<sup>a</sup>,Niagara U.,2,494,120,120,0,0,512,64,64,0,0,429,56,56,0,0
10742,r496,All institutions<sup>a</sup> -> Fort Valley State U.,All institutions<sup>a</sup>,Fort Valley State U.,2,495,118,85,0,33,442,106,76,0,30,553,12,9,0,3
10742,r497,All institutions<sup>a</sup> -> Western Colorado U.,All institutions<sup>a</sup>,Western Colorado U.,2,496,117,110,0,7,451,99,94,0,5,532,18,16,0,2
10742,r498,All institutions<sup>a</sup> -> Millersville U. Pennsylvania,All institutions<sup>a</sup>,Millersville U. Pennsylvania,2,497,116,116,0,0,553,41,41,0,0,386,75,75,0,0
10742,r499,All institutions<sup>a</sup> -> Memorial Sloan Kettering Cancer Center,All institutions<sup>a</sup>,Memorial Sloan Kettering Cancer Center,2,498,114,114,0,0,455,97,97,0,0,537,17,17,0,0
10742,r500,All institutions<sup>a</sup> -> Marywood U.,All institutions<sup>a</sup>,Marywood U.,2,498,114,80,0,34,462,93,62,0,31,517,21,18,0,3
10742,r501,"All institutions<sup>a</sup> -> U. Maryland, Eastern Shore",All institutions<sup>a</sup>,"U. Maryland, Eastern Shore",2,500,113,103,0,10,559,39,34,0,5,389,74,69,0,5
10742,r502,All institutions<sup>a</sup> -> Campbell U.,All institutions<sup>a</sup>,Campbell U.,2,501,111,0,0,111,438,111,0,0,111,628,0,0,0,0
10742,r503,All institutions<sup>a</sup> -> Clark Atlanta U.,All institutions<sup>a</sup>,Clark Atlanta U.,2,501,111,111,0,0,507,66,66,0,0,450,45,45,0,0
10742,r504,"All institutions<sup>a</sup> -> Southern U., New Orleans",All institutions<sup>a</sup>,"Southern U., New Orleans",2,503,110,110,0,0,494,73,73,0,0,466,37,37,0,0
10742,r505,All institutions<sup>a</sup> -> Lincoln Memorial U.,All institutions<sup>a</sup>,Lincoln Memorial U.,2,503,110,110,0,0,497,71,71,0,0,464,39,39,0,0
10742,r506,All institutions<sup>a</sup> -> Arcadia U.,All institutions<sup>a</sup>,Arcadia U.,2,503,110,90,0,20,517,61,45,0,16,440,49,45,0,4
10742,r507,All institutions<sup>a</sup> -> Sonoma State U.,All institutions<sup>a</sup>,Sonoma State U.,2,506,109,109,0,0,478,81,81,0,0,490,28,28,0,0
10742,r508,All institutions<sup>a</sup> -> Hawaii Pacific U.,All institutions<sup>a</sup>,Hawaii Pacific U.,2,506,109,72,0,37,492,74,47,0,27,468,35,25,0,10
10742,r509,All institutions<sup>a</sup> -> Pittsburg State U.,All institutions<sup>a</sup>,Pittsburg State U.,2,508,108,108,0,0,458,96,96,0,0,553,12,12,0,0
10742,r510,All institutions<sup>a</sup> -> Slippery Rock U. Pennsylvania,All institutions<sup>a</sup>,Slippery Rock U. Pennsylvania,2,509,107,80,0,27,488,77,54,0,23,484,30,26,0,4
10742,r511,All institutions<sup>a</sup> -> Cameron U.,All institutions<sup>a</sup>,Cameron U.,2,509,107,107,0,0,517,61,61,0,0,446,46,46,0,0
10742,r512,All institutions<sup>a</sup> -> Bloomsburg U. Pennsylvania,All institutions<sup>a</sup>,Bloomsburg U. Pennsylvania,2,511,106,45,0,61,491,75,18,0,57,482,31,27,0,4
10742,r513,"All institutions<sup>a</sup> -> SUNY, Oswego",All institutions<sup>a</sup>,"SUNY, Oswego",2,511,106,48,0,58,512,64,42,0,22,457,42,6,0,36
10742,r514,All institutions<sup>a</sup> -> Dominican U. California,All institutions<sup>a</sup>,Dominican U. California,2,513,105,105,0,0,479,80,80,0,0,494,25,25,0,0
10742,r515,"All institutions<sup>a</sup> -> Inter American U. Puerto Rico, San German",All institutions<sup>a</sup>,"Inter American U. Puerto Rico, San German",2,513,105,105,0,0,494,73,73,0,0,479,32,32,0,0
10742,r516,All institutions<sup>a</sup> -> Frostburg State U.,All institutions<sup>a</sup>,Frostburg State U.,2,515,104,104,0,0,544,47,47,0,0,428,57,57,0,0
10742,r517,All institutions<sup>a</sup> -> Canisius C.,All institutions<sup>a</sup>,Canisius C.,2,515,104,95,0,9,567,36,32,0,4,404,68,63,0,5
10742,r518,All institutions<sup>a</sup> -> Florida Gulf Coast U.,All institutions<sup>a</sup>,Florida Gulf Coast U.,2,517,103,74,13,16,555,40,36,1,3,411,63,38,12,13
10742,r519,All institutions<sup>a</sup> -> Wesleyan U.,All institutions<sup>a</sup>,Wesleyan U.,2,518,101,101,0,0,448,101,101,0,0,628,0,0,0,0
10742,r520,All institutions<sup>a</sup> -> Worcester State U.,All institutions<sup>a</sup>,Worcester State U.,2,518,101,28,0,73,528,56,5,0,51,450,45,23,0,22
10742,r521,"All institutions<sup>a</sup> -> Des Moines U., Osteopathic Medical Center",All institutions<sup>a</sup>,"Des Moines U., Osteopathic Medical Center",2,518,101,39,0,62,575,32,30,0,2,402,69,9,0,60
10742,r522,All institutions<sup>a</sup> -> U. del Turabo,All institutions<sup>a</sup>,U. del Turabo,2,521,99,93,6,0,451,99,93,6,0,628,0,0,0,0
10742,r523,All institutions<sup>a</sup> -> U. Wisconsin-Green Bay,All institutions<sup>a</sup>,U. Wisconsin-Green Bay,2,521,99,99,0,0,595,24,24,0,0,386,75,75,0,0
10742,r524,"All institutions<sup>a</sup> -> U. Hawaii, Hilo",All institutions<sup>a</sup>,"U. Hawaii, Hilo",2,523,98,94,0,4,501,68,67,0,1,484,30,27,0,3
10742,r525,All institutions<sup>a</sup> -> Texas A&M U.-Central Texas,All institutions<sup>a</sup>,Texas A&M U.-Central Texas,2,523,98,98,0,0,654,1,1,0,0,346,97,97,0,0
10742,r526,All institutions<sup>a</sup> -> Hampton U.,All institutions<sup>a</sup>,Hampton U.,2,525,97,46,0,51,472,86,43,0,43,559,11,3,0,8
10742,r527,All institutions<sup>a</sup> -> Lindenwood U.,All institutions<sup>a</sup>,Lindenwood U.,2,525,97,59,0,38,485,78,49,0,29,527,19,10,0,9
10742,r528,All institutions<sup>a</sup> -> Alcorn State U.,All institutions<sup>a</sup>,Alcorn State U.,2,525,97,97,0,0,537,50,50,0,0,444,47,47,0,0
10742,r529,All institutions<sup>a</sup> -> Salus U.,All institutions<sup>a</sup>,Salus U.,2,528,96,14,0,82,466,91,11,0,80,590,5,3,0,2
10742,r530,All institutions<sup>a</sup> -> Northern Michigan U.,All institutions<sup>a</sup>,Northern Michigan U.,2,528,96,78,0,18,507,66,52,0,14,484,30,26,0,4
10742,r531,All institutions<sup>a</sup> -> U. Wisconsin-Oshkosh,All institutions<sup>a</sup>,U. Wisconsin-Oshkosh,2,528,96,96,0,0,657,0,0,0,0,347,96,96,0,0
10742,r532,All institutions<sup>a</sup> -> Framingham State U.,All institutions<sup>a</sup>,Framingham State U.,2,531,95,95,0,0,634,8,8,0,0,362,87,87,0,0
10742,r533,All institutions<sup>a</sup> -> U. Guam,All institutions<sup>a</sup>,U. Guam,2,532,94,94,0,0,589,26,26,0,0,404,68,68,0,0
10742,r534,All institutions<sup>a</sup> -> Suffolk U.,All institutions<sup>a</sup>,Suffolk U.,2,533,92,84,0,8,533,52,49,0,3,462,40,35,0,5
10742,r535,All institutions<sup>a</sup> -> Arkansas Tech U.,All institutions<sup>a</sup>,Arkansas Tech U.,2,533,92,84,8,0,545,46,39,7,0,446,46,45,1,0
10742,r536,"All institutions<sup>a</sup> -> City of Hope, Irell and Manella Graduate School of Biological Sciences",All institutions<sup>a</sup>,"City of Hope, Irell and Manella Graduate School of Biological Sciences",2,535,91,91,0,0,466,91,91,0,0,628,0,0,0,0
10742,r537,"All institutions<sup>a</sup> -> CUNY, C. Staten Island",All institutions<sup>a</sup>,"CUNY, C. Staten Island",2,535,91,80,11,0,627,10,9,1,0,373,81,71,10,0
10742,r538,All institutions<sup>a</sup> -> U. of the Incarnate Word,All institutions<sup>a</sup>,U. of the Incarnate Word,2,537,90,68,0,22,481,79,62,0,17,559,11,6,0,5
10742,r539,All institutions<sup>a</sup> -> Delaware State U.<sup>e</sup>,All institutions<sup>a</sup>,Delaware State U.<sup>e</sup>,2,538,88,80,0,8,485,78,72,0,6,567,10,8,0,2
10742,r540,All institutions<sup>a</sup> -> Mississippi U. for Women,All institutions<sup>a</sup>,Mississippi U. for Women,2,538,88,11,0,77,501,68,0,0,68,524,20,11,0,9
10742,r541,All institutions<sup>a</sup> -> Wayland Baptist U.,All institutions<sup>a</sup>,Wayland Baptist U.,2,540,87,87,0,0,528,56,56,0,0,482,31,31,0,0
10742,r542,All institutions<sup>a</sup> -> Sul Ross State U.,All institutions<sup>a</sup>,Sul Ross State U.,2,540,87,66,0,21,575,32,32,0,0,432,55,34,0,21
10742,r543,All institutions<sup>a</sup> -> Lake Erie C. of Osteopathic Medicine,All institutions<sup>a</sup>,Lake Erie C. of Osteopathic Medicine,2,542,86,16,0,70,472,86,16,0,70,628,0,0,0,0
10742,r544,All institutions<sup>a</sup> -> Indiana Institute of Technology,All institutions<sup>a</sup>,Indiana Institute of Technology,2,542,86,85,0,1,481,79,78,0,1,582,7,7,0,0
10742,r545,All institutions<sup>a</sup> -> Bridgewater State U.,All institutions<sup>a</sup>,Bridgewater State U.,2,542,86,86,0,0,533,52,52,0,0,471,34,34,0,0
10742,r546,All institutions<sup>a</sup> -> Bowie State U.,All institutions<sup>a</sup>,Bowie State U.,2,545,83,83,0,0,561,38,38,0,0,450,45,45,0,0
10742,r547,All institutions<sup>a</sup> -> Florida Polytechnic U.,All institutions<sup>a</sup>,Florida Polytechnic U.,2,546,82,41,41,0,522,59,30,29,0,505,23,11,12,0
10742,r548,All institutions<sup>a</sup> -> New Mexico Highlands U.,All institutions<sup>a</sup>,New Mexico Highlands U.,2,547,81,81,0,0,535,51,51,0,0,484,30,30,0,0
10742,r549,All institutions<sup>a</sup> -> Gallaudet U.,All institutions<sup>a</sup>,Gallaudet U.,2,548,80,35,0,45,525,58,21,0,37,512,22,14,0,8
10742,r550,All institutions<sup>a</sup> -> Evergreen State C.,All institutions<sup>a</sup>,Evergreen State C.,2,549,79,79,0,0,501,68,68,0,0,559,11,11,0,0
10742,r551,All institutions<sup>a</sup> -> Texas A&M International U.,All institutions<sup>a</sup>,Texas A&M International U.,2,549,79,79,0,0,595,24,24,0,0,432,55,55,0,0
10742,r552,All institutions<sup>a</sup> -> Widener U.,All institutions<sup>a</sup>,Widener U.,2,551,77,0,38,39,549,43,0,27,16,471,34,0,11,23
10742,r553,All institutions<sup>a</sup> -> Charles R. Drew U. of Medicine and Science,All institutions<sup>a</sup>,Charles R. Drew U. of Medicine and Science,2,552,76,33,0,43,500,69,28,0,41,582,7,5,0,2
10742,r554,All institutions<sup>a</sup> -> U. West Alabama,All institutions<sup>a</sup>,U. West Alabama,2,553,75,75,0,0,507,66,66,0,0,577,9,9,0,0
10742,r555,"All institutions<sup>a</sup> -> Minnesota State U., Moorhead",All institutions<sup>a</sup>,"Minnesota State U., Moorhead",2,553,75,27,0,48,515,63,15,0,48,553,12,12,0,0
10742,r556,All institutions<sup>a</sup> -> Virginia State U.,All institutions<sup>a</sup>,Virginia State U.,2,555,73,73,0,0,553,41,41,0,0,479,32,32,0,0
10742,r557,All institutions<sup>a</sup> -> St. Thomas U.,All institutions<sup>a</sup>,St. Thomas U.,2,556,72,61,0,11,517,61,50,0,11,559,11,11,0,0
10742,r558,All institutions<sup>a</sup> -> Springfield C.,All institutions<sup>a</sup>,Springfield C.,2,557,71,43,0,28,512,64,40,0,24,582,7,3,0,4
10742,r559,"All institutions<sup>a</sup> -> SUNY, C. Brockport",All institutions<sup>a</sup>,"SUNY, C. Brockport",2,557,71,53,0,18,549,43,32,0,11,490,28,21,0,7
10742,r560,All institutions<sup>a</sup> -> Coastal Carolina U.,All institutions<sup>a</sup>,Coastal Carolina U.,2,559,69,69,0,0,587,27,27,0,0,457,42,42,0,0
10742,r561,All institutions<sup>a</sup> -> Truman State U.,All institutions<sup>a</sup>,Truman State U.,2,560,68,29,0,39,532,53,21,0,32,542,15,8,0,7
10742,r562,All institutions<sup>a</sup> -> Metropolitan State U.,All institutions<sup>a</sup>,Metropolitan State U.,2,560,68,62,0,6,614,16,10,0,6,437,52,52,0,0
10742,r563,All institutions<sup>a</sup> -> Southern Nazarene U.,All institutions<sup>a</sup>,Southern Nazarene U.,2,562,67,67,0,0,505,67,67,0,0,628,0,0,0,0
10742,r564,All institutions<sup>a</sup> -> Roger Williams U.,All institutions<sup>a</sup>,Roger Williams U.,2,563,65,65,0,0,531,54,54,0,0,559,11,11,0,0
10742,r565,All institutions<sup>a</sup> -> Mercyhurst U.,All institutions<sup>a</sup>,Mercyhurst U.,2,563,65,65,0,0,538,49,49,0,0,540,16,16,0,0
10742,r566,All institutions<sup>a</sup> -> DeSales U.,All institutions<sup>a</sup>,DeSales U.,2,563,65,43,0,22,575,32,11,0,21,475,33,32,0,1
10742,r567,"All institutions<sup>a</sup> -> California State U., Bakersfield",All institutions<sup>a</sup>,"California State U., Bakersfield",2,566,63,63,0,0,555,40,40,0,0,505,23,23,0,0
10742,r568,All institutions<sup>a</sup> -> U. Montevallo,All institutions<sup>a</sup>,U. Montevallo,2,567,61,0,0,61,525,58,0,0,58,603,3,0,0,3
10742,r569,All institutions<sup>a</sup> -> Plymouth State U.,All institutions<sup>a</sup>,Plymouth State U.,2,567,61,44,0,17,535,51,41,0,10,567,10,3,0,7
10742,r570,All institutions<sup>a</sup> -> Gonzaga U.,All institutions<sup>a</sup>,Gonzaga U.,2,567,61,33,28,0,567,36,25,11,0,494,25,8,17,0
10742,r571,All institutions<sup>a</sup> -> California U. of Science and Medicine,All institutions<sup>a</sup>,California U. of Science and Medicine,2,570,60,60,0,0,520,60,60,0,0,628,0,0,0,0
10742,r572,All institutions<sup>a</sup> -> Kettering U.,All institutions<sup>a</sup>,Kettering U.,2,571,59,0,59,0,571,35,0,35,0,503,24,0,24,0
10742,r573,"All institutions<sup>a</sup> -> SUNY, C. Cortland",All institutions<sup>a</sup>,"SUNY, C. Cortland",2,571,59,0,0,59,573,34,0,0,34,494,25,0,0,25
10742,r574,All institutions<sup>a</sup> -> Cedars-Sinai Medical Center,All institutions<sup>a</sup>,Cedars-Sinai Medical Center,2,573,58,58,0,0,564,37,37,0,0,517,21,21,0,0
10742,r575,All institutions<sup>a</sup> -> Albany Medical C.,All institutions<sup>a</sup>,Albany Medical C.,2,574,56,56,0,0,528,56,56,0,0,628,0,0,0,0
10742,r576,All institutions<sup>a</sup> -> U. of Saint Mary,All institutions<sup>a</sup>,U. of Saint Mary,2,575,53,53,0,0,538,49,49,0,0,599,4,4,0,0
10742,r577,"All institutions<sup>a</sup> -> Northeastern Ohio Universities, C. of Medicine",All institutions<sup>a</sup>,"Northeastern Ohio Universities, C. of Medicine",2,576,52,17,0,35,571,35,17,0,18,537,17,0,0,17
10742,r578,"All institutions<sup>a</sup> -> Louisiana State U., Shreveport",All institutions<sup>a</sup>,"Louisiana State U., Shreveport",2,577,50,50,0,0,583,28,28,0,0,512,22,22,0,0
10742,r579,All institutions<sup>a</sup> -> Cold Spring Harbor Laboratory,All institutions<sup>a</sup>,Cold Spring Harbor Laboratory,2,578,49,49,0,0,538,49,49,0,0,628,0,0,0,0
10742,r580,All institutions<sup>a</sup> -> U. of the Virgin Islands,All institutions<sup>a</sup>,U. of the Virgin Islands,2,578,49,49,0,0,541,48,48,0,0,615,1,1,0,0
10742,r581,All institutions<sup>a</sup> -> South Carolina State U.,All institutions<sup>a</sup>,South Carolina State U.,2,578,49,0,0,49,545,46,0,0,46,603,3,0,0,3
10742,r582,All institutions<sup>a</sup> -> Van Andel Institute,All institutions<sup>a</sup>,Van Andel Institute,2,581,48,48,0,0,541,48,48,0,0,628,0,0,0,0
10742,r583,"All institutions<sup>a</sup> -> SUNY, Fredonia",All institutions<sup>a</sup>,"SUNY, Fredonia",2,581,48,12,0,36,549,43,7,0,36,590,5,5,0,0
10742,r584,All institutions<sup>a</sup> -> Winthrop U.,All institutions<sup>a</sup>,Winthrop U.,2,581,48,48,0,0,549,43,43,0,0,590,5,5,0,0
10742,r585,"All institutions<sup>a</sup> -> U. Arkansas, Pine Bluff",All institutions<sup>a</sup>,"U. Arkansas, Pine Bluff",2,581,48,48,0,0,575,32,32,0,0,540,16,16,0,0
10742,r586,All institutions<sup>a</sup> -> Cooper Union for the Advancement of Science and Art,All institutions<sup>a</sup>,Cooper Union for the Advancement of Science and Art,2,581,48,0,48,0,592,25,0,25,0,505,23,0,23,0
10742,r587,All institutions<sup>a</sup> -> Xavier U.,All institutions<sup>a</sup>,Xavier U.,2,581,48,26,0,22,607,18,18,0,0,484,30,8,0,22
10742,r588,All institutions<sup>a</sup> -> Georgia C. and State U.,All institutions<sup>a</sup>,Georgia C. and State U.,2,587,47,18,0,29,583,28,16,0,12,527,19,2,0,17
10742,r589,All institutions<sup>a</sup> -> Oregon Institute of Technology,All institutions<sup>a</sup>,Oregon Institute of Technology,2,587,47,16,31,0,595,24,13,11,0,505,23,3,20,0
10742,r590,All institutions<sup>a</sup> -> Ithaca C.,All institutions<sup>a</sup>,Ithaca C.,2,589,46,46,0,0,564,37,37,0,0,577,9,9,0,0
10742,r591,"All institutions<sup>a</sup> -> SUNY, C. Plattsburgh",All institutions<sup>a</sup>,"SUNY, C. Plattsburgh",2,590,45,45,0,0,579,30,30,0,0,542,15,15,0,0
10742,r592,All institutions<sup>a</sup> -> Sanford-Burnham Medical Research Institute,All institutions<sup>a</sup>,Sanford-Burnham Medical Research Institute,2,591,44,44,0,0,547,44,44,0,0,628,0,0,0,0
10742,r593,"All institutions<sup>a</sup> -> Oklahoma State U., Center for Health Sciences",All institutions<sup>a</sup>,"Oklahoma State U., Center for Health Sciences",2,591,44,44,0,0,602,21,21,0,0,505,23,23,0,0
10742,r594,All institutions<sup>a</sup> -> Biola U.,All institutions<sup>a</sup>,Biola U.,2,593,43,43,0,0,555,40,40,0,0,603,3,3,0,0
10742,r595,All institutions<sup>a</sup> -> Loras C.,All institutions<sup>a</sup>,Loras C.,2,593,43,43,0,0,561,38,38,0,0,590,5,5,0,0
10742,r596,All institutions<sup>a</sup> -> Drew U.,All institutions<sup>a</sup>,Drew U.,2,595,42,21,0,21,611,17,9,0,8,494,25,12,0,13
10742,r597,All institutions<sup>a</sup> -> Bard C.,All institutions<sup>a</sup>,Bard C.,2,596,41,41,0,0,567,36,36,0,0,590,5,5,0,0
10742,r598,All institutions<sup>a</sup> -> U. of Mary Hardin Baylor,All institutions<sup>a</sup>,U. of Mary Hardin Baylor,2,596,41,41,0,0,567,36,36,0,0,590,5,5,0,0
10742,r599,All institutions<sup>a</sup> -> Christopher Newport U.,All institutions<sup>a</sup>,Christopher Newport U.,2,596,41,41,0,0,600,22,22,0,0,527,19,19,0,0
10742,r600,"All institutions<sup>a</sup> -> Toyota Technological Institute, Chicago",All institutions<sup>a</sup>,"Toyota Technological Institute, Chicago",2,599,40,40,0,0,555,40,40,0,0,628,0,0,0,0
10742,r601,All institutions<sup>a</sup> -> Alfred U.,All institutions<sup>a</sup>,Alfred U.,2,599,40,0,40,0,581,29,0,29,0,559,11,0,11,0
10742,r602,"All institutions<sup>a</sup> -> Lincoln U., Jefferson City",All institutions<sup>a</sup>,"Lincoln U., Jefferson City",2,601,39,39,0,0,607,18,18,0,0,517,21,21,0,0
10742,r603,All institutions<sup>a</sup> -> San Juan Bautista School of Medicine,All institutions<sup>a</sup>,San Juan Bautista School of Medicine,2,602,38,0,0,38,561,38,0,0,38,628,0,0,0,0
10742,r604,All institutions<sup>a</sup> -> Fisk U.,All institutions<sup>a</sup>,Fisk U.,2,602,38,38,0,0,564,37,37,0,0,615,1,1,0,0
10742,r605,"All institutions<sup>a</sup> -> SUNY, C. of Optometry",All institutions<sup>a</sup>,"SUNY, C. of Optometry",2,602,38,38,0,0,614,16,16,0,0,512,22,22,0,0
10742,r606,"All institutions<sup>a</sup> -> Inter American U. Puerto Rico, Fajardo",All institutions<sup>a</sup>,"Inter American U. Puerto Rico, Fajardo",2,605,37,37,0,0,654,1,1,0,0,467,36,36,0,0
10742,r607,All institutions<sup>a</sup> -> Aurora U.,All institutions<sup>a</sup>,Aurora U.,2,606,36,6,0,30,618,14,0,0,14,512,22,6,0,16
10742,r608,All institutions<sup>a</sup> -> Smith C.,All institutions<sup>a</sup>,Smith C.,2,607,35,7,0,28,579,30,2,0,28,590,5,5,0,0
10742,r609,All institutions<sup>a</sup> -> Bryn Mawr C.,All institutions<sup>a</sup>,Bryn Mawr C.,2,607,35,35,0,0,583,28,28,0,0,582,7,7,0,0
10742,r610,All institutions<sup>a</sup> -> Wilkes U.,All institutions<sup>a</sup>,Wilkes U.,2,607,35,3,15,17,618,14,1,13,0,517,21,2,2,17
10742,r611,All institutions<sup>a</sup> -> American Museum of Natural History,All institutions<sup>a</sup>,American Museum of Natural History,2,610,33,33,0,0,574,33,33,0,0,628,0,0,0,0
10742,r612,"All institutions<sup>a</sup> -> U. South Carolina, Aiken",All institutions<sup>a</sup>,"U. South Carolina, Aiken",2,610,33,33,0,0,581,29,29,0,0,599,4,4,0,0
10742,r613,All institutions<sup>a</sup> -> Bethune-Cookman U.,All institutions<sup>a</sup>,Bethune-Cookman U.,2,610,33,25,0,8,583,28,20,0,8,590,5,5,0,0
10742,r614,All institutions<sup>a</sup> -> Kentucky State U.,All institutions<sup>a</sup>,Kentucky State U.,2,610,33,33,0,0,607,18,18,0,0,542,15,15,0,0
10742,r615,All institutions<sup>a</sup> -> Alabama State U.,All institutions<sup>a</sup>,Alabama State U.,2,614,32,32,0,0,605,19,19,0,0,549,13,13,0,0
10742,r616,"All institutions<sup>a</sup> -> California State U., Stanislaus",All institutions<sup>a</sup>,"California State U., Stanislaus",2,615,30,30,0,0,616,15,15,0,0,542,15,15,0,0
10742,r617,All institutions<sup>a</sup> -> Saint Martin's U.,All institutions<sup>a</sup>,Saint Martin's U.,2,616,29,17,12,0,600,22,13,9,0,582,7,4,3,0
10742,r618,All institutions<sup>a</sup> -> Northwestern State U. Louisiana,All institutions<sup>a</sup>,Northwestern State U. Louisiana,2,616,29,29,0,0,602,21,21,0,0,580,8,8,0,0
10742,r619,"All institutions<sup>a</sup> -> U. Arkansas, Monticello",All institutions<sup>a</sup>,"U. Arkansas, Monticello",2,616,29,29,0,0,642,4,4,0,0,494,25,25,0,0
10742,r620,All institutions<sup>a</sup> -> Western U. of Health Sciences,All institutions<sup>a</sup>,Western U. of Health Sciences,2,619,28,12,0,16,595,24,10,0,14,599,4,2,0,2
10742,r621,All institutions<sup>a</sup> -> LeTourneau U.,All institutions<sup>a</sup>,LeTourneau U.,2,619,28,23,5,0,642,4,2,2,0,503,24,21,3,0
10742,r622,All institutions<sup>a</sup> -> Bucknell U.,All institutions<sup>a</sup>,Bucknell U.,2,621,27,17,10,0,587,27,17,10,0,628,0,0,0,0
10742,r623,All institutions<sup>a</sup> -> Savannah State U.,All institutions<sup>a</sup>,Savannah State U.,2,621,27,27,0,0,592,25,25,0,0,609,2,2,0,0
10742,r624,All institutions<sup>a</sup> -> Morehead State U.,All institutions<sup>a</sup>,Morehead State U.,2,621,27,27,0,0,616,15,15,0,0,553,12,12,0,0
10742,r625,All institutions<sup>a</sup> -> Kutztown U. Pennsylvania,All institutions<sup>a</sup>,Kutztown U. Pennsylvania,2,621,27,27,0,0,621,13,13,0,0,548,14,14,0,0
10742,r626,All institutions<sup>a</sup> -> U. Wisconsin-Parkside,All institutions<sup>a</sup>,U. Wisconsin-Parkside,2,621,27,27,0,0,637,6,6,0,0,517,21,21,0,0
10742,r627,"All institutions<sup>a</sup> -> Trinity C., Hartford",All institutions<sup>a</sup>,"Trinity C., Hartford",2,621,27,27,0,0,642,4,4,0,0,505,23,23,0,0
10742,r628,All institutions<sup>a</sup> -> Williams C.,All institutions<sup>a</sup>,Williams C.,2,627,26,26,0,0,589,26,26,0,0,628,0,0,0,0
10742,r629,All institutions<sup>a</sup> -> Vanguard U. of Southern California,All institutions<sup>a</sup>,Vanguard U. of Southern California,2,627,26,26,0,0,592,25,25,0,0,615,1,1,0,0
10742,r630,All institutions<sup>a</sup> -> Claflin U.,All institutions<sup>a</sup>,Claflin U.,2,629,24,24,0,0,595,24,24,0,0,628,0,0,0,0
10742,r631,All institutions<sup>a</sup> -> John Carroll U.,All institutions<sup>a</sup>,John Carroll U.,2,629,24,24,0,0,621,13,13,0,0,559,11,11,0,0
10742,r632,All institutions<sup>a</sup> -> Alaska Pacific U.,All institutions<sup>a</sup>,Alaska Pacific U.,2,629,24,24,0,0,625,11,11,0,0,549,13,13,0,0
10742,r633,All institutions<sup>a</sup> -> Milwaukee School of Engineering,All institutions<sup>a</sup>,Milwaukee School of Engineering,2,632,23,0,23,0,642,4,0,4,0,527,19,0,19,0
10742,r634,All institutions<sup>a</sup> -> Delta State U.,All institutions<sup>a</sup>,Delta State U.,2,633,22,22,0,0,605,19,19,0,0,603,3,3,0,0
10742,r635,"All institutions<sup>a</sup> -> Colorado State U., Pueblo",All institutions<sup>a</sup>,"Colorado State U., Pueblo",2,633,22,16,6,0,623,12,8,4,0,567,10,8,2,0
10742,r636,All institutions<sup>a</sup> -> Georgia Southwestern State U.,All institutions<sup>a</sup>,Georgia Southwestern State U.,2,633,22,22,0,0,642,4,4,0,0,532,18,18,0,0
10742,r637,All institutions<sup>a</sup> -> New England C. of Optometry,All institutions<sup>a</sup>,New England C. of Optometry,2,636,21,21,0,0,602,21,21,0,0,628,0,0,0,0
10742,r638,All institutions<sup>a</sup> -> Elizabeth City State U.,All institutions<sup>a</sup>,Elizabeth City State U.,2,636,21,21,0,0,634,8,8,0,0,549,13,13,0,0
10742,r639,All institutions<sup>a</sup> -> Salisbury U.,All institutions<sup>a</sup>,Salisbury U.,2,638,18,18,0,0,627,10,10,0,0,580,8,8,0,0
10742,r640,All institutions<sup>a</sup> -> U. Central del Caribe,All institutions<sup>a</sup>,U. Central del Caribe,2,639,17,17,0,0,611,17,17,0,0,628,0,0,0,0
10742,r641,All institutions<sup>a</sup> -> West Virginia State U.,All institutions<sup>a</sup>,West Virginia State U.,2,639,17,17,0,0,611,17,17,0,0,628,0,0,0,0
10742,r642,All institutions<sup>a</sup> -> Point Loma Nazarene U.,All institutions<sup>a</sup>,Point Loma Nazarene U.,2,641,16,16,0,0,642,4,4,0,0,553,12,12,0,0
10742,r643,All institutions<sup>a</sup> -> Mississippi Valley State U.,All institutions<sup>a</sup>,Mississippi Valley State U.,2,642,15,7,0,8,618,14,7,0,7,615,1,0,0,1
10742,r644,"All institutions<sup>a</sup> -> Pontifical Catholic U. Puerto Rico, Mayaguez",All institutions<sup>a</sup>,"Pontifical Catholic U. Puerto Rico, Mayaguez",2,642,15,15,0,0,627,10,10,0,0,590,5,5,0,0
10742,r645,"All institutions<sup>a</sup> -> SUNY, Oneonta",All institutions<sup>a</sup>,"SUNY, Oneonta",2,642,15,15,0,0,640,5,5,0,0,567,10,10,0,0
10742,r646,All institutions<sup>a</sup> -> Albany C. of Pharmacy and Health Sciences,All institutions<sup>a</sup>,Albany C. of Pharmacy and Health Sciences,2,645,14,8,0,6,642,4,3,0,1,567,10,5,0,5
10742,r647,All institutions<sup>a</sup> -> Rhode Island C.,All institutions<sup>a</sup>,Rhode Island C.,2,646,13,13,0,0,650,3,3,0,0,567,10,10,0,0
10742,r648,All institutions<sup>a</sup> -> Southern Oregon U.,All institutions<sup>a</sup>,Southern Oregon U.,2,647,12,12,0,0,625,11,11,0,0,615,1,1,0,0
10742,r649,All institutions<sup>a</sup> -> Winston-Salem State U.,All institutions<sup>a</sup>,Winston-Salem State U.,2,647,12,12,0,0,630,9,9,0,0,603,3,3,0,0
10742,r650,All institutions<sup>a</sup> -> U. Southern Maine,All institutions<sup>a</sup>,U. Southern Maine,2,647,12,12,0,0,653,2,2,0,0,567,10,10,0,0
10742,r651,All institutions<sup>a</sup> -> Rose-Hulman Institute of Technology,All institutions<sup>a</sup>,Rose-Hulman Institute of Technology,2,650,11,0,11,0,630,9,0,9,0,609,2,0,2,0
10742,r652,All institutions<sup>a</sup> -> Marietta C.,All institutions<sup>a</sup>,Marietta C.,2,650,11,11,0,0,640,5,5,0,0,588,6,6,0,0
10742,r653,All institutions<sup>a</sup> -> Marshall B. Ketchum U.,All institutions<sup>a</sup>,Marshall B. Ketchum U.,2,652,10,10,0,0,630,9,9,0,0,615,1,1,0,0
10742,r654,All institutions<sup>a</sup> -> Wagner C.,All institutions<sup>a</sup>,Wagner C.,2,652,10,10,0,0,630,9,9,0,0,615,1,1,0,0
10742,r655,All institutions<sup>a</sup> -> U.S. Merchant Marine Academy,All institutions<sup>a</sup>,U.S. Merchant Marine Academy,2,652,10,0,10,0,657,0,0,0,0,567,10,0,10,0
10742,r656,All institutions<sup>a</sup> -> Elmezzi Graduate School of Molecular Medicine,All institutions<sup>a</sup>,Elmezzi Graduate School of Molecular Medicine,2,655,8,8,0,0,634,8,8,0,0,628,0,0,0,0
10742,r657,"All institutions<sup>a</sup> -> Montana State U., Billings",All institutions<sup>a</sup>,"Montana State U., Billings",2,656,7,7,0,0,637,6,6,0,0,615,1,1,0,0
10742,r658,All institutions<sup>a</sup> -> Black Hills State U.,All institutions<sup>a</sup>,Black Hills State U.,2,657,6,6,0,0,637,6,6,0,0,628,0,0,0,0
10742,r659,All institutions<sup>a</sup> -> U. Portland,All institutions<sup>a</sup>,U. Portland,2,657,6,0,6,0,650,3,0,3,0,603,3,0,3,0
10742,r660,All institutions<sup>a</sup> -> Walla Walla U.,All institutions<sup>a</sup>,Walla Walla U.,2,657,6,6,0,0,657,0,0,0,0,588,6,6,0,0
10742,r661,All institutions<sup>a</sup> -> Sitting Bull C.,All institutions<sup>a</sup>,Sitting Bull C.,2,660,3,3,0,0,650,3,3,0,0,628,0,0,0,0
10742,r662,All institutions<sup>a</sup> -> Alderson-Broaddus U.,All institutions<sup>a</sup>,Alderson-Broaddus U.,2,660,3,3,0,0,654,1,1,0,0,609,2,2,0,0
10742,r663,All institutions<sup>a</sup> -> Vermont Technical C.,All institutions<sup>a</sup>,Vermont Technical C.,2,662,2,0,2,0,657,0,0,0,0,609,2,0,2,0
10742,r664,All institutions<sup>a</sup> -> Point Park U.,All institutions<sup>a</sup>,Point Park U.,2,663,1,1,0,0,657,0,0,0,0,615,1,1,0,0
