table_id,row_id,_b_institution_b_full_path,_b_institution_b_level_1,_b_institution_b_level_2,_b_institution_b_hierarchy_depth,field_all_master_s_students_rank,field_all_master_s_students_total,field_all_master_s_students_science,field_all_master_s_students_engineering,field_all_master_s_students_health,field_full_time_master_s_students_rank,field_full_time_master_s_students_total,field_full_time_master_s_students_science,field_full_time_master_s_students_engineering,field_full_time_master_s_students_health,field_part_time_master_s_students_rank,field_part_time_master_s_students_total,field_part_time_master_s_students_science,field_part_time_master_s_students_engineering,field_part_time_master_s_students_health
10646,r001,All institutions<sup>a</sup>,All institutions<sup>a</sup>,,1,-,501311,331983,103020,66308,-,319618,208749,66427,44442,-,181693,123234,36593,21866
10646,r002,All institutions<sup>a</sup> -> Georgia Institute of Technology,All institutions<sup>a</sup>,Georgia Institute of Technology,2,1,13259,11155,2061,43,16,2843,1447,1376,20,1,10416,9708,685,23
10646,r003,All institutions<sup>a</sup> -> Johns Hopkins U.,All institutions<sup>a</sup>,Johns Hopkins U.,2,2,11172,6121,3141,1910,10,3492,1883,658,951,2,7680,4238,2483,959
10646,r004,All institutions<sup>a</sup> -> Arizona State U.,All institutions<sup>a</sup>,Arizona State U.,2,3,10063,6554,3417,92,5,5896,3555,2250,91,3,4167,2999,1167,1
10646,r005,All institutions<sup>a</sup> -> Columbia U. in the City of New York,All institutions<sup>a</sup>,Columbia U. in the City of New York,2,4,9547,6484,2254,809,4,6429,4458,1264,707,5,3118,2026,990,102
10646,r006,All institutions<sup>a</sup> -> New York U.,All institutions<sup>a</sup>,New York U.,2,5,9489,6907,1965,617,2,7001,4852,1710,439,9,2488,2055,255,178
10646,r007,All institutions<sup>a</sup> -> U. Southern California,All institutions<sup>a</sup>,U. Southern California,2,6,8744,5396,2554,794,3,6925,4571,1753,601,15,1819,825,801,193
10646,r008,All institutions<sup>a</sup> -> Northeastern U.<sup>b</sup>,All institutions<sup>a</sup>,Northeastern U.<sup>b</sup>,2,7,7571,3199,4298,74,1,7159,2925,4162,72,114,412,274,136,2
10646,r009,All institutions<sup>a</sup> -> U. Michigan,All institutions<sup>a</sup>,U. Michigan,2,8,7030,3479,3065,486,6,5503,2799,2230,474,20,1527,680,835,12
10646,r010,"All institutions<sup>a</sup> -> U. Illinois, Urbana-Champaign",All institutions<sup>a</sup>,"U. Illinois, Urbana-Champaign",2,9,5816,4423,1272,121,8,4301,3162,1020,119,22,1515,1261,252,2
10646,r011,All institutions<sup>a</sup> -> U. Florida,All institutions<sup>a</sup>,U. Florida,2,10,5650,3854,1324,472,19,2789,1813,695,281,6,2861,2041,629,191
10646,r012,All institutions<sup>a</sup> -> George Washington U.,All institutions<sup>a</sup>,George Washington U.,2,11,4957,2990,432,1535,28,2215,1670,185,360,7,2742,1320,247,1175
10646,r013,All institutions<sup>a</sup> -> Texas A&M U.,All institutions<sup>a</sup>,Texas A&M U.,2,12,4683,2450,1959,274,11,3482,1782,1446,254,26,1201,668,513,20
10646,r014,All institutions<sup>a</sup> -> Carnegie Mellon U.,All institutions<sup>a</sup>,Carnegie Mellon U.,2,13,4624,2613,2011,0,7,4440,2534,1906,0,219,184,79,105,0
10646,r015,All institutions<sup>a</sup> -> Purdue U.,All institutions<sup>a</sup>,Purdue U.,2,14,4615,1249,3047,319,31,2142,792,1222,128,10,2473,457,1825,191
10646,r016,All institutions<sup>a</sup> -> U. Washington,All institutions<sup>a</sup>,U. Washington,2,15,4523,2634,1256,633,15,2885,1689,693,503,17,1638,945,563,130
10646,r017,"All institutions<sup>a</sup> -> U. North Texas, Denton",All institutions<sup>a</sup>,"U. North Texas, Denton",2,16,4453,3865,420,168,9,3496,2986,356,154,39,957,879,64,14
10646,r018,All institutions<sup>a</sup> -> Liberty U.,All institutions<sup>a</sup>,Liberty U.,2,17,4450,3676,3,771,37,1936,1623,3,310,8,2514,2053,0,461
10646,r019,All institutions<sup>a</sup> -> Boston U.,All institutions<sup>a</sup>,Boston U.,2,18,4383,3064,518,801,21,2731,1898,325,508,16,1652,1166,193,293
10646,r020,"All institutions<sup>a</sup> -> U. Texas, Austin",All institutions<sup>a</sup>,"U. Texas, Austin",2,19,4248,3257,739,252,36,1973,1231,572,170,11,2275,2026,167,82
10646,r021,All institutions<sup>a</sup> -> U. Colorado,All institutions<sup>a</sup>,U. Colorado,2,20,4227,2054,1564,609,12,3341,1724,1107,510,46,886,330,457,99
10646,r022,"All institutions<sup>a</sup> -> U. Texas, Dallas",All institutions<sup>a</sup>,"U. Texas, Dallas",2,21,4118,3296,624,198,14,3211,2630,385,196,42,907,666,239,2
10646,r023,"All institutions<sup>a</sup> -> U. Texas, Arlington",All institutions<sup>a</sup>,"U. Texas, Arlington",2,22,4024,2567,1412,45,13,3253,2206,1019,28,50,771,361,393,17
10646,r024,All institutions<sup>a</sup> -> George Mason U.,All institutions<sup>a</sup>,George Mason U.,2,23,3781,3087,354,340,30,2143,1828,130,185,17,1638,1259,224,155
10646,r025,All institutions<sup>a</sup> -> Indiana U.,All institutions<sup>a</sup>,Indiana U.,2,24,3763,2511,170,1082,16,2843,1917,110,816,40,920,594,60,266
10646,r026,"All institutions<sup>a</sup> -> SUNY, U. Buffalo",All institutions<sup>a</sup>,"SUNY, U. Buffalo",2,25,3700,2156,1251,293,18,2791,1655,891,245,41,909,501,360,48
10646,r027,"All institutions<sup>a</sup> -> U. California, Berkeley",All institutions<sup>a</sup>,"U. California, Berkeley",2,26,3641,1755,1182,704,33,2123,544,1167,412,21,1518,1211,15,292
10646,r028,All institutions<sup>a</sup> -> North Carolina State U.,All institutions<sup>a</sup>,North Carolina State U.,2,27,3519,1892,1627,0,23,2516,1394,1122,0,35,1003,498,505,0
10646,r029,All institutions<sup>a</sup> -> Stevens Institute of Technology,All institutions<sup>a</sup>,Stevens Institute of Technology,2,28,3427,2208,1219,0,22,2532,1840,692,0,44,895,368,527,0
10646,r030,All institutions<sup>a</sup> -> Pennsylvania State U.,All institutions<sup>a</sup>,Pennsylvania State U.,2,29,3405,2090,1176,139,53,1384,791,473,120,13,2021,1299,703,19
10646,r031,"All institutions<sup>a</sup> -> U. Maryland, College Park",All institutions<sup>a</sup>,"U. Maryland, College Park",2,30,3332,1456,1034,842,35,1987,993,691,303,23,1345,463,343,539
10646,r032,"All institutions<sup>a</sup> -> U. South Florida, Tampa",All institutions<sup>a</sup>,"U. South Florida, Tampa",2,31,3249,1755,487,1007,26,2255,1390,355,510,36,994,365,132,497
10646,r033,"All institutions<sup>a</sup> -> U. Maryland, U. C.",All institutions<sup>a</sup>,"U. Maryland, U. C.",2,32,3228,3228,0,0,558,26,26,0,0,4,3202,3202,0,0
10646,r034,All institutions<sup>a</sup> -> U. Cincinnati,All institutions<sup>a</sup>,U. Cincinnati,2,33,3184,1861,579,744,46,1572,1008,320,244,19,1612,853,259,500
10646,r035,All institutions<sup>a</sup> -> Pepperdine U.,All institutions<sup>a</sup>,Pepperdine U.,2,34,3023,3023,0,0,102,859,859,0,0,12,2164,2164,0,0
10646,r036,All institutions<sup>a</sup> -> Lamar U.,All institutions<sup>a</sup>,Lamar U.,2,35,2939,2410,257,272,38,1852,1456,211,185,29,1087,954,46,87
10646,r037,All institutions<sup>a</sup> -> Georgetown U.,All institutions<sup>a</sup>,Georgetown U.,2,36,2844,2735,0,109,27,2254,2205,0,49,72,590,530,0,60
10646,r038,All institutions<sup>a</sup> -> San Jose State U.,All institutions<sup>a</sup>,San Jose State U.,2,37,2773,1016,1609,148,39,1752,638,999,115,34,1021,378,610,33
10646,r039,"All institutions<sup>a</sup> -> U. California, Los Angeles",All institutions<sup>a</sup>,"U. California, Los Angeles",2,38,2769,1067,1230,472,20,2769,1067,1230,472,624,0,0,0,0
10646,r040,All institutions<sup>a</sup> -> U. Central Missouri,All institutions<sup>a</sup>,U. Central Missouri,2,39,2763,2629,63,71,41,1668,1562,44,62,28,1095,1067,19,9
10646,r041,All institutions<sup>a</sup> -> Virginia Polytechnic Institute and State U.,All institutions<sup>a</sup>,Virginia Polytechnic Institute and State U.,2,40,2750,1660,1019,71,41,1668,828,774,66,30,1082,832,245,5
10646,r042,All institutions<sup>a</sup> -> U. Chicago,All institutions<sup>a</sup>,U. Chicago,2,41,2692,2683,9,0,34,2076,2071,5,0,65,616,612,4,0
10646,r043,"All institutions<sup>a</sup> -> U. California, San Diego",All institutions<sup>a</sup>,"U. California, San Diego",2,42,2596,1299,1278,19,25,2276,1132,1125,19,145,320,167,153,0
10646,r044,All institutions<sup>a</sup> -> Florida Institute of Technology,All institutions<sup>a</sup>,Florida Institute of Technology,2,43,2561,2139,422,0,153,556,316,240,0,14,2005,1823,182,0
10646,r045,All institutions<sup>a</sup> -> U. Minnesota,All institutions<sup>a</sup>,U. Minnesota,2,44,2514,1457,492,565,32,2136,1278,416,442,124,378,179,76,123
10646,r046,All institutions<sup>a</sup> -> Stanford U.,All institutions<sup>a</sup>,Stanford U.,2,45,2507,1259,1109,139,24,2293,1167,1009,117,195,214,92,100,22
10646,r047,All institutions<sup>a</sup> -> National U.,All institutions<sup>a</sup>,National U.,2,46,2462,2319,0,143,54,1383,1302,0,81,31,1079,1017,0,62
10646,r048,All institutions<sup>a</sup> -> U. Central Florida,All institutions<sup>a</sup>,U. Central Florida,2,47,2413,1153,718,542,69,1174,660,182,332,24,1239,493,536,210
10646,r049,All institutions<sup>a</sup> -> U. Wisconsin-Madison,All institutions<sup>a</sup>,U. Wisconsin-Madison,2,48,2358,1371,790,197,45,1605,1054,424,127,53,753,317,366,70
10646,r050,All institutions<sup>a</sup> -> Texas Tech U.,All institutions<sup>a</sup>,Texas Tech U.,2,49,2213,1476,497,240,43,1662,1136,334,192,86,551,340,163,48
10646,r051,All institutions<sup>a</sup> -> Cornell U.,All institutions<sup>a</sup>,Cornell U.,2,50,2211,1014,1081,116,29,2154,972,1080,102,404,57,42,1,14
10646,r052,"All institutions<sup>a</sup> -> U. Illinois, Chicago",All institutions<sup>a</sup>,"U. Illinois, Chicago",2,51,2159,815,401,943,44,1616,636,267,713,89,543,179,134,230
10646,r053,All institutions<sup>a</sup> -> New Jersey Institute of Technology,All institutions<sup>a</sup>,New Jersey Institute of Technology,2,52,2155,1451,664,40,51,1444,1088,328,28,58,711,363,336,12
10646,r054,All institutions<sup>a</sup> -> Florida State U.,All institutions<sup>a</sup>,Florida State U.,2,53,2094,1654,184,256,81,1045,836,85,124,32,1049,818,99,132
10646,r055,All institutions<sup>a</sup> -> Tufts U.,All institutions<sup>a</sup>,Tufts U.,2,54,2083,1730,205,148,48,1500,1298,131,71,74,583,432,74,77
10646,r056,"All institutions<sup>a</sup> -> U. North Carolina, Chapel Hill",All institutions<sup>a</sup>,"U. North Carolina, Chapel Hill",2,55,2081,498,14,1569,49,1494,448,14,1032,73,587,50,0,537
10646,r057,"All institutions<sup>a</sup> -> Colorado State U., Fort Collins",All institutions<sup>a</sup>,"Colorado State U., Fort Collins",2,56,1995,1540,424,31,106,829,659,145,25,27,1166,881,279,6
10646,r058,All institutions<sup>a</sup> -> U. Arizona,All institutions<sup>a</sup>,U. Arizona,2,57,1991,1142,435,414,96,953,577,158,218,33,1038,565,277,196
10646,r059,All institutions<sup>a</sup> -> Ohio State U.,All institutions<sup>a</sup>,Ohio State U.,2,58,1935,814,614,507,56,1325,577,471,277,68,610,237,143,230
10646,r060,All institutions<sup>a</sup> -> Auburn U.,All institutions<sup>a</sup>,Auburn U.,2,59,1926,1418,425,83,85,1025,804,160,61,43,901,614,265,22
10646,r061,All institutions<sup>a</sup> -> Illinois Institute of Technology,All institutions<sup>a</sup>,Illinois Institute of Technology,2,60,1919,1403,470,46,62,1203,966,236,1,57,716,437,234,45
10646,r062,All institutions<sup>a</sup> -> U. New Haven,All institutions<sup>a</sup>,U. New Haven,2,61,1916,899,805,212,40,1693,781,732,180,186,223,118,73,32
10646,r063,"All institutions<sup>a</sup> -> Washington U., Saint Louis",All institutions<sup>a</sup>,"Washington U., Saint Louis",2,62,1905,999,677,229,50,1468,770,498,200,105,437,229,179,29
10646,r064,"All institutions<sup>a</sup> -> Rutgers, State U. New Jersey",All institutions<sup>a</sup>,"Rutgers, State U. New Jersey",2,63,1901,1538,359,4,58,1308,1095,209,4,69,593,443,150,0
10646,r065,All institutions<sup>a</sup> -> Syracuse U.,All institutions<sup>a</sup>,Syracuse U.,2,64,1881,1584,267,30,47,1502,1261,214,27,122,379,323,53,3
10646,r066,All institutions<sup>a</sup> -> U. Houston,All institutions<sup>a</sup>,U. Houston,2,65,1876,784,1024,68,57,1311,494,756,61,80,565,290,268,7
10646,r067,All institutions<sup>a</sup> -> U. Denver,All institutions<sup>a</sup>,U. Denver,2,66,1867,1655,105,107,66,1190,1092,42,56,62,677,563,63,51
10646,r068,"All institutions<sup>a</sup> -> U. Alabama, Birmingham",All institutions<sup>a</sup>,"U. Alabama, Birmingham",2,67,1809,831,440,538,96,953,610,132,211,47,856,221,308,327
10646,r069,All institutions<sup>a</sup> -> Drexel U.,All institutions<sup>a</sup>,Drexel U.,2,68,1770,1249,334,187,108,812,608,128,76,38,958,641,206,111
10646,r070,"All institutions<sup>a</sup> -> Columbia U., Teachers C.",All institutions<sup>a</sup>,"Columbia U., Teachers C.",2,69,1758,1592,0,166,55,1326,1212,0,114,106,432,380,0,52
10646,r071,All institutions<sup>a</sup> -> U. Pittsburgh,All institutions<sup>a</sup>,U. Pittsburgh,2,70,1750,1120,289,341,65,1194,799,162,233,84,556,321,127,108
10646,r072,All institutions<sup>a</sup> -> U. Utah,All institutions<sup>a</sup>,U. Utah,2,71,1710,1013,389,308,61,1209,764,225,220,92,501,249,164,88
10646,r073,"All institutions<sup>a</sup> -> California State U., Northridge",All institutions<sup>a</sup>,"California State U., Northridge",2,72,1704,544,320,840,121,729,306,159,264,37,975,238,161,576
10646,r074,All institutions<sup>a</sup> -> Northwestern U.,All institutions<sup>a</sup>,Northwestern U.,2,73,1690,1162,373,155,70,1131,786,274,71,83,559,376,99,84
10646,r075,All institutions<sup>a</sup> -> American U.,All institutions<sup>a</sup>,American U.,2,74,1677,1658,0,19,91,998,994,0,4,61,679,664,0,15
10646,r076,All institutions<sup>a</sup> -> Wichita State U.,All institutions<sup>a</sup>,Wichita State U.,2,75,1672,1325,296,51,52,1395,1143,201,51,159,277,182,95,0
10646,r077,"All institutions<sup>a</sup> -> U. Massachusetts, Amherst",All institutions<sup>a</sup>,"U. Massachusetts, Amherst",2,76,1647,1022,285,340,76,1064,772,188,104,74,583,250,97,236
10646,r078,"All institutions<sup>a</sup> -> California State U., Fullerton",All institutions<sup>a</sup>,"California State U., Fullerton",2,77,1641,967,514,160,117,750,513,115,122,45,891,454,399,38
10646,r079,All institutions<sup>a</sup> -> San Diego State U.,All institutions<sup>a</sup>,San Diego State U.,2,78,1633,941,309,383,75,1070,600,136,334,81,563,341,173,49
10646,r080,All institutions<sup>a</sup> -> Eastern U.,All institutions<sup>a</sup>,Eastern U.,2,79,1627,1627,0,0,199,413,413,0,0,25,1214,1214,0,0
10646,r081,All institutions<sup>a</sup> -> Oregon State U.,All institutions<sup>a</sup>,Oregon State U.,2,80,1622,1067,346,209,89,1009,651,265,93,67,613,416,81,116
10646,r082,All institutions<sup>a</sup> -> Florida International U.,All institutions<sup>a</sup>,Florida International U.,2,81,1612,1017,235,360,78,1063,695,129,239,87,549,322,106,121
10646,r083,All institutions<sup>a</sup> -> DePaul U.,All institutions<sup>a</sup>,DePaul U.,2,82,1598,1324,65,209,68,1175,940,43,192,109,423,384,22,17
10646,r084,All institutions<sup>a</sup> -> Clemson U.,All institutions<sup>a</sup>,Clemson U.,2,83,1592,839,688,65,82,1044,427,563,54,88,548,412,125,11
10646,r085,All institutions<sup>a</sup> -> U. New Mexico,All institutions<sup>a</sup>,U. New Mexico,2,84,1591,709,595,287,101,870,398,277,195,55,721,311,318,92
10646,r086,All institutions<sup>a</sup> -> Georgia State U.,All institutions<sup>a</sup>,Georgia State U.,2,85,1547,1143,0,404,60,1232,936,0,296,149,315,207,0,108
10646,r087,All institutions<sup>a</sup> -> Northwest Missouri State U.,All institutions<sup>a</sup>,Northwest Missouri State U.,2,85,1547,1547,0,0,120,744,744,0,0,49,803,803,0,0
10646,r088,All institutions<sup>a</sup> -> U. Georgia,All institutions<sup>a</sup>,U. Georgia,2,87,1517,1254,84,179,63,1198,958,74,166,146,319,296,10,13
10646,r089,All institutions<sup>a</sup> -> U. Memphis,All institutions<sup>a</sup>,U. Memphis,2,88,1473,1152,88,233,64,1197,981,65,151,161,276,171,23,82
10646,r090,"All institutions<sup>a</sup> -> California State U., Long Beach",All institutions<sup>a</sup>,"California State U., Long Beach",2,89,1462,989,323,150,99,888,628,153,107,77,574,361,170,43
10646,r091,"All institutions<sup>a</sup> -> SUNY, Stony Brook U.",All institutions<sup>a</sup>,"SUNY, Stony Brook U.",2,90,1421,925,304,192,72,1103,700,237,166,147,318,225,67,26
10646,r092,"All institutions<sup>a</sup> -> U. Missouri, Kansas City",All institutions<sup>a</sup>,"U. Missouri, Kansas City",2,91,1412,1265,136,11,73,1088,1009,79,0,142,324,256,57,11
10646,r093,All institutions<sup>a</sup> -> Kennesaw State U.,All institutions<sup>a</sup>,Kennesaw State U.,2,92,1395,928,361,106,126,695,557,116,22,59,700,371,245,84
10646,r094,"All institutions<sup>a</sup> -> U. North Carolina, Charlotte",All institutions<sup>a</sup>,"U. North Carolina, Charlotte",2,93,1392,1032,228,132,80,1046,778,159,109,136,346,254,69,23
10646,r095,"All institutions<sup>a</sup> -> U. Texas, San Antonio",All institutions<sup>a</sup>,"U. Texas, San Antonio",2,94,1381,1070,235,76,134,620,488,81,51,52,761,582,154,25
10646,r096,All institutions<sup>a</sup> -> Case Western Reserve U.,All institutions<sup>a</sup>,Case Western Reserve U.,2,95,1366,835,260,271,87,1011,605,165,241,135,355,230,95,30
10646,r097,All institutions<sup>a</sup> -> Pace U.,All institutions<sup>a</sup>,Pace U.,2,96,1362,1303,22,37,74,1078,1032,9,37,157,284,271,13,0
10646,r098,"All institutions<sup>a</sup> -> U. Massachusetts, Lowell",All institutions<sup>a</sup>,"U. Massachusetts, Lowell",2,97,1358,655,531,172,142,591,286,213,92,51,767,369,318,80
10646,r099,All institutions<sup>a</sup> -> Rochester Institute of Technology,All institutions<sup>a</sup>,Rochester Institute of Technology,2,98,1329,1000,310,19,94,968,770,197,1,127,361,230,113,18
10646,r100,All institutions<sup>a</sup> -> Harvard U.,All institutions<sup>a</sup>,Harvard U.,2,99,1324,407,254,663,95,965,269,244,452,131,359,138,10,211
10646,r101,All institutions<sup>a</sup> -> Massachusetts Institute of Technology,All institutions<sup>a</sup>,Massachusetts Institute of Technology,2,100,1314,484,830,0,59,1244,484,760,0,368,70,0,70,0
10646,r102,All institutions<sup>a</sup> -> Michigan State U.,All institutions<sup>a</sup>,Michigan State U.,2,101,1311,831,193,287,141,594,336,92,166,56,717,495,101,121
10646,r103,All institutions<sup>a</sup> -> Cleveland State U.,All institutions<sup>a</sup>,Cleveland State U.,2,102,1279,727,485,67,79,1052,596,389,67,184,227,131,96,0
10646,r104,"All institutions<sup>a</sup> -> U. California, Davis",All institutions<sup>a</sup>,"U. California, Davis",2,103,1253,716,359,178,67,1188,696,323,169,382,65,20,36,9
10646,r105,All institutions<sup>a</sup> -> U. Virginia,All institutions<sup>a</sup>,U. Virginia,2,104,1249,812,271,166,110,802,538,111,153,102,447,274,160,13
10646,r106,All institutions<sup>a</sup> -> U. Connecticut,All institutions<sup>a</sup>,U. Connecticut,2,105,1240,683,330,227,115,778,503,105,170,99,462,180,225,57
10646,r107,All institutions<sup>a</sup> -> Texas State U.,All institutions<sup>a</sup>,Texas State U.,2,106,1231,933,87,211,105,833,595,64,174,118,398,338,23,37
10646,r108,All institutions<sup>a</sup> -> U. Miami,All institutions<sup>a</sup>,U. Miami,2,107,1224,1012,108,104,84,1033,886,89,58,206,191,126,19,46
10646,r109,All institutions<sup>a</sup> -> Wright State U.,All institutions<sup>a</sup>,Wright State U.,2,108,1202,897,262,43,76,1064,813,212,39,262,138,84,50,4
10646,r110,All institutions<sup>a</sup> -> Brown U.,All institutions<sup>a</sup>,Brown U.,2,109,1201,654,202,345,71,1125,616,188,321,354,76,38,14,24
10646,r111,All institutions<sup>a</sup> -> Santa Clara U.,All institutions<sup>a</sup>,Santa Clara U.,2,109,1201,549,652,0,104,842,303,539,0,131,359,246,113,0
10646,r112,All institutions<sup>a</sup> -> Maharishi U. of Management,All institutions<sup>a</sup>,Maharishi U. of Management,2,111,1191,1191,0,0,93,979,979,0,0,196,212,212,0,0
10646,r113,"All institutions<sup>a</sup> -> SUNY, Binghamton U.",All institutions<sup>a</sup>,"SUNY, Binghamton U.",2,112,1176,795,325,56,92,989,682,268,39,213,187,113,57,17
10646,r114,All institutions<sup>a</sup> -> Naval Postgraduate School,All institutions<sup>a</sup>,Naval Postgraduate School,2,113,1173,410,763,0,119,747,410,337,0,108,426,0,426,0
10646,r115,"All institutions<sup>a</sup> -> SUNY, U. Albany",All institutions<sup>a</sup>,"SUNY, U. Albany",2,114,1167,887,28,252,109,806,667,18,121,127,361,220,10,131
10646,r116,All institutions<sup>a</sup> -> U. Dayton,All institutions<sup>a</sup>,U. Dayton,2,115,1163,788,375,0,86,1014,724,290,0,250,149,64,85,0
10646,r117,All institutions<sup>a</sup> -> Worcester Polytechnic Institute,All institutions<sup>a</sup>,Worcester Polytechnic Institute,2,116,1161,364,797,0,195,423,140,283,0,54,738,224,514,0
10646,r118,All institutions<sup>a</sup> -> U. San Francisco,All institutions<sup>a</sup>,U. San Francisco,2,117,1142,992,0,150,131,643,584,0,59,93,499,408,0,91
10646,r119,All institutions<sup>a</sup> -> U. Oklahoma,All institutions<sup>a</sup>,U. Oklahoma,2,118,1140,792,304,44,152,557,407,124,26,74,583,385,180,18
10646,r120,"All institutions<sup>a</sup> -> U. Texas Health Science Center, Houston",All institutions<sup>a</sup>,"U. Texas Health Science Center, Houston",2,119,1134,423,4,707,146,571,266,3,302,81,563,157,1,405
10646,r121,All institutions<sup>a</sup> -> U. Wisconsin-Milwaukee,All institutions<sup>a</sup>,U. Wisconsin-Milwaukee,2,120,1126,844,80,202,112,794,581,45,168,140,332,263,35,34
10646,r122,All institutions<sup>a</sup> -> Oklahoma State U.,All institutions<sup>a</sup>,Oklahoma State U.,2,121,1117,696,278,143,113,779,516,157,106,139,338,180,121,37
10646,r123,All institutions<sup>a</sup> -> Mississippi State U.,All institutions<sup>a</sup>,Mississippi State U.,2,122,1116,817,262,37,150,562,430,101,31,85,554,387,161,6
10646,r124,All institutions<sup>a</sup> -> Saint Louis U.,All institutions<sup>a</sup>,Saint Louis U.,2,123,1085,783,67,235,83,1039,760,62,217,419,46,23,5,18
10646,r125,"All institutions<sup>a</sup> -> U. California, Irvine",All institutions<sup>a</sup>,"U. California, Irvine",2,124,1079,530,549,0,98,928,438,490,0,247,151,92,59,0
10646,r126,"All institutions<sup>a</sup> -> U. Missouri, Columbia",All institutions<sup>a</sup>,"U. Missouri, Columbia",2,125,1076,706,81,289,176,483,309,39,135,69,593,397,42,154
10646,r127,All institutions<sup>a</sup> -> Wayne State U.,All institutions<sup>a</sup>,Wayne State U.,2,126,1056,559,241,256,136,609,344,100,165,102,447,215,141,91
10646,r128,All institutions<sup>a</sup> -> California Baptist U.,All institutions<sup>a</sup>,California Baptist U.,2,127,1054,793,11,250,113,779,618,2,159,162,275,175,9,91
10646,r129,All institutions<sup>a</sup> -> Old Dominion U.,All institutions<sup>a</sup>,Old Dominion U.,2,128,1051,458,527,66,216,365,224,80,61,60,686,234,447,5
10646,r130,All institutions<sup>a</sup> -> Northern Illinois U.,All institutions<sup>a</sup>,Northern Illinois U.,2,129,1050,624,147,279,127,694,513,87,94,134,356,111,60,185
10646,r131,All institutions<sup>a</sup> -> Harrisburg U. of Science and Technology,All institutions<sup>a</sup>,Harrisburg U. of Science and Technology,2,130,1047,1005,0,42,90,1003,964,0,39,425,44,41,0,3
10646,r132,All institutions<sup>a</sup> -> Southern Arkansas U.,All institutions<sup>a</sup>,Southern Arkansas U.,2,131,1018,1018,0,0,138,597,597,0,0,110,421,421,0,0
10646,r133,"All institutions<sup>a</sup> -> U. Illinois, Springfield",All institutions<sup>a</sup>,"U. Illinois, Springfield",2,132,1017,939,0,78,144,572,533,0,39,104,445,406,0,39
10646,r134,All institutions<sup>a</sup> -> Duke U.,All institutions<sup>a</sup>,Duke U.,2,133,1011,639,338,34,87,1011,639,338,34,624,0,0,0,0
10646,r135,All institutions<sup>a</sup> -> U. West Florida,All institutions<sup>a</sup>,U. West Florida,2,134,1009,794,42,173,334,174,127,4,43,48,835,667,38,130
10646,r136,All institutions<sup>a</sup> -> U. Texas Rio Grande Valley,All institutions<sup>a</sup>,U. Texas Rio Grande Valley,2,135,1008,552,147,309,198,416,313,60,43,71,592,239,87,266
10646,r137,All institutions<sup>a</sup> -> Iowa State U.,All institutions<sup>a</sup>,Iowa State U.,2,136,991,704,278,9,173,489,338,142,9,91,502,366,136,0
10646,r138,All institutions<sup>a</sup> -> Antioch U.,All institutions<sup>a</sup>,Antioch U.,2,137,987,987,0,0,100,874,874,0,0,293,113,113,0,0
10646,r139,All institutions<sup>a</sup> -> Troy U.,All institutions<sup>a</sup>,Troy U.,2,138,985,961,0,24,215,369,356,0,13,65,616,605,0,11
10646,r140,All institutions<sup>a</sup> -> Miami U.,All institutions<sup>a</sup>,Miami U.,2,139,984,852,50,82,220,360,234,47,79,64,624,618,3,3
10646,r141,All institutions<sup>a</sup> -> Florida Atlantic U.,All institutions<sup>a</sup>,Florida Atlantic U.,2,140,983,720,157,106,137,601,447,78,76,120,382,273,79,30
10646,r142,All institutions<sup>a</sup> -> Kansas State U.,All institutions<sup>a</sup>,Kansas State U.,2,141,960,758,154,48,170,499,408,68,23,100,461,350,86,25
10646,r143,All institutions<sup>a</sup> -> Western Illinois U.,All institutions<sup>a</sup>,Western Illinois U.,2,142,959,897,0,62,103,852,795,0,57,300,107,102,0,5
10646,r144,All institutions<sup>a</sup> -> New Mexico State U.,All institutions<sup>a</sup>,New Mexico State U.,2,143,953,585,198,170,161,537,343,102,92,113,416,242,96,78
10646,r145,All institutions<sup>a</sup> -> Rush U.,All institutions<sup>a</sup>,Rush U.,2,144,949,90,0,859,107,818,73,0,745,268,131,17,0,114
10646,r146,All institutions<sup>a</sup> -> U. Delaware,All institutions<sup>a</sup>,U. Delaware,2,145,948,677,162,109,116,759,527,130,102,209,189,150,32,7
10646,r147,All institutions<sup>a</sup> -> Tulane U.,All institutions<sup>a</sup>,Tulane U.,2,146,943,354,22,567,122,706,337,21,348,179,237,17,1,219
10646,r148,"All institutions<sup>a</sup> -> U. Tennessee, Knoxville",All institutions<sup>a</sup>,"U. Tennessee, Knoxville",2,147,939,458,335,146,175,485,250,160,75,101,454,208,175,71
10646,r149,All institutions<sup>a</sup> -> Utah State U.,All institutions<sup>a</sup>,Utah State U.,2,147,939,612,145,182,199,413,211,81,121,90,526,401,64,61
10646,r150,"All institutions<sup>a</sup> -> U. Maryland, Baltimore County",All institutions<sup>a</sup>,"U. Maryland, Baltimore County",2,149,936,857,79,0,128,684,645,39,0,171,252,212,40,0
10646,r151,All institutions<sup>a</sup> -> Rice U.,All institutions<sup>a</sup>,Rice U.,2,150,924,722,202,0,133,621,447,174,0,151,303,275,28,0
10646,r152,"All institutions<sup>a</sup> -> U. Massachusetts, Boston",All institutions<sup>a</sup>,"U. Massachusetts, Boston",2,150,924,796,0,128,158,548,524,0,24,125,376,272,0,104
10646,r153,All institutions<sup>a</sup> -> U. Bridgeport,All institutions<sup>a</sup>,U. Bridgeport,2,152,919,693,104,122,111,797,652,86,59,283,122,41,18,63
10646,r154,All institutions<sup>a</sup> -> Kent State U.,All institutions<sup>a</sup>,Kent State U.,2,153,918,499,14,405,169,501,313,13,175,112,417,186,1,230
10646,r155,All institutions<sup>a</sup> -> Northern Arizona U.,All institutions<sup>a</sup>,Northern Arizona U.,2,154,896,321,360,215,125,697,266,333,98,202,199,55,27,117
10646,r156,All institutions<sup>a</sup> -> Ohio U.,All institutions<sup>a</sup>,Ohio U.,2,154,896,534,162,200,193,432,300,48,84,97,464,234,114,116
10646,r157,All institutions<sup>a</sup> -> U. Houston-Clear Lake,All institutions<sup>a</sup>,U. Houston-Clear Lake,2,156,893,755,124,14,144,572,510,59,3,143,321,245,65,11
10646,r158,All institutions<sup>a</sup> -> Long Island U.,All institutions<sup>a</sup>,Long Island U.,2,157,887,527,3,357,124,702,411,0,291,218,185,116,3,66
10646,r159,All institutions<sup>a</sup> -> U. Kentucky,All institutions<sup>a</sup>,U. Kentucky,2,158,878,524,116,238,130,645,379,86,180,181,233,145,30,58
10646,r160,All institutions<sup>a</sup> -> Temple U.,All institutions<sup>a</sup>,Temple U.,2,159,874,649,57,168,154,553,393,28,132,143,321,256,29,36
10646,r161,All institutions<sup>a</sup> -> Central Michigan U.,All institutions<sup>a</sup>,Central Michigan U.,2,160,871,742,23,106,117,750,647,3,100,285,121,95,20,6
10646,r162,All institutions<sup>a</sup> -> Lewis U.,All institutions<sup>a</sup>,Lewis U.,2,161,868,793,0,75,123,704,631,0,73,240,164,162,0,2
10646,r163,"All institutions<sup>a</sup> -> Southern Illinois U., Edwardsville",All institutions<sup>a</sup>,"Southern Illinois U., Edwardsville",2,162,866,449,352,65,147,567,254,259,54,154,299,195,93,11
10646,r164,All institutions<sup>a</sup> -> Texas Woman's U.,All institutions<sup>a</sup>,Texas Woman's U.,2,163,834,581,0,253,186,452,238,0,214,120,382,343,0,39
10646,r165,All institutions<sup>a</sup> -> Texas A&M U.-Commerce,All institutions<sup>a</sup>,Texas A&M U.-Commerce,2,164,832,739,0,93,199,413,381,0,32,111,419,358,0,61
10646,r166,All institutions<sup>a</sup> -> Southern Methodist U.,All institutions<sup>a</sup>,Southern Methodist U.,2,165,830,480,350,0,278,258,190,68,0,79,572,290,282,0
10646,r167,"All institutions<sup>a</sup> -> California State U., Los Angeles",All institutions<sup>a</sup>,"California State U., Los Angeles",2,166,829,579,165,85,187,450,349,59,42,122,379,230,106,43
10646,r168,All institutions<sup>a</sup> -> U. Louisville,All institutions<sup>a</sup>,U. Louisville,2,167,824,186,405,233,207,393,100,104,189,107,431,86,301,44
10646,r169,All institutions<sup>a</sup> -> Colorado School of Mines,All institutions<sup>a</sup>,Colorado School of Mines,2,168,820,285,535,0,132,623,236,387,0,203,197,49,148,0
10646,r170,"All institutions<sup>a</sup> -> CUNY, Baruch C.",All institutions<sup>a</sup>,"CUNY, Baruch C.",2,168,820,778,42,0,356,154,146,8,0,63,666,632,34,0
10646,r171,"All institutions<sup>a</sup> -> U. Hawaii, Manoa",All institutions<sup>a</sup>,"U. Hawaii, Manoa",2,170,808,518,149,141,135,618,391,123,104,208,190,127,26,37
10646,r172,All institutions<sup>a</sup> -> San Francisco State U.,All institutions<sup>a</sup>,San Francisco State U.,2,170,808,710,98,0,159,545,475,70,0,165,263,235,28,0
10646,r173,All institutions<sup>a</sup> -> U. Nebraska-Lincoln,All institutions<sup>a</sup>,U. Nebraska-Lincoln,2,172,803,503,236,64,183,459,279,124,56,137,344,224,112,8
10646,r174,All institutions<sup>a</sup> -> U. Kansas,All institutions<sup>a</sup>,U. Kansas,2,173,799,506,157,136,177,482,293,98,91,148,317,213,59,45
10646,r175,All institutions<sup>a</sup> -> Rowan U.,All institutions<sup>a</sup>,Rowan U.,2,174,798,559,151,88,148,566,364,122,80,182,232,195,29,8
10646,r176,All institutions<sup>a</sup> -> Baylor U.,All institutions<sup>a</sup>,Baylor U.,2,175,794,144,19,631,155,552,99,19,434,175,242,45,0,197
10646,r177,"All institutions<sup>a</sup> -> California State Polytechnic U., Pomona",All institutions<sup>a</sup>,"California State Polytechnic U., Pomona",2,176,793,433,360,0,294,220,155,65,0,78,573,278,295,0
10646,r178,"All institutions<sup>a</sup> -> U. Alabama, Tuscaloosa",All institutions<sup>a</sup>,"U. Alabama, Tuscaloosa",2,177,791,360,218,213,188,448,227,82,139,138,343,133,136,74
10646,r179,"All institutions<sup>a</sup> -> U. California, Riverside",All institutions<sup>a</sup>,"U. California, Riverside",2,178,789,451,338,0,129,663,443,220,0,276,126,8,118,0
10646,r180,"All institutions<sup>a</sup> -> U. North Carolina, Greensboro",All institutions<sup>a</sup>,"U. North Carolina, Greensboro",2,179,784,586,0,198,165,510,365,0,145,163,274,221,0,53
10646,r181,All institutions<sup>a</sup> -> Rivier U.,All institutions<sup>a</sup>,Rivier U.,2,180,779,500,0,279,178,478,475,0,3,152,301,25,0,276
10646,r182,"All institutions<sup>a</sup> -> U. Alabama, Huntsville",All institutions<sup>a</sup>,"U. Alabama, Huntsville",2,180,779,326,453,0,262,285,200,85,0,94,494,126,368,0
10646,r183,All institutions<sup>a</sup> -> Missouri State U.,All institutions<sup>a</sup>,Missouri State U.,2,182,770,560,0,210,165,510,339,0,171,167,260,221,0,39
10646,r184,"All institutions<sup>a</sup> -> U. Texas, El Paso",All institutions<sup>a</sup>,"U. Texas, El Paso",2,182,770,319,353,98,205,403,170,153,80,126,367,149,200,18
10646,r185,"All institutions<sup>a</sup> -> California State U., Sacramento",All institutions<sup>a</sup>,"California State U., Sacramento",2,184,764,434,175,155,218,363,165,70,128,117,401,269,105,27
10646,r186,All institutions<sup>a</sup> -> Sam Houston State U.,All institutions<sup>a</sup>,Sam Houston State U.,2,185,759,681,0,78,224,352,318,0,34,115,407,363,0,44
10646,r187,All institutions<sup>a</sup> -> Portland State U.,All institutions<sup>a</sup>,Portland State U.,2,186,757,569,108,80,179,471,366,36,69,156,286,203,72,11
10646,r188,All institutions<sup>a</sup> -> Brandeis U.,All institutions<sup>a</sup>,Brandeis U.,2,187,742,735,0,7,140,595,594,0,1,254,147,141,0,6
10646,r189,All institutions<sup>a</sup> -> Michigan Technological U.,All institutions<sup>a</sup>,Michigan Technological U.,2,187,742,264,436,42,162,524,164,327,33,190,218,100,109,9
10646,r190,All institutions<sup>a</sup> -> Grand Valley State U.,All institutions<sup>a</sup>,Grand Valley State U.,2,189,739,494,55,190,155,552,358,21,173,213,187,136,34,17
10646,r191,All institutions<sup>a</sup> -> East Carolina U.,All institutions<sup>a</sup>,East Carolina U.,2,190,738,449,37,252,202,412,239,16,157,141,326,210,21,95
10646,r192,All institutions<sup>a</sup> -> West Virginia U.,All institutions<sup>a</sup>,West Virginia U.,2,191,732,360,200,172,149,564,268,145,151,232,168,92,55,21
10646,r193,All institutions<sup>a</sup> -> U. San Diego,All institutions<sup>a</sup>,U. San Diego,2,192,726,565,19,142,283,242,222,0,20,95,484,343,19,122
10646,r194,All institutions<sup>a</sup> -> U. Idaho,All institutions<sup>a</sup>,U. Idaho,2,193,721,561,160,0,236,319,264,55,0,116,402,297,105,0
10646,r195,All institutions<sup>a</sup> -> Louisiana State U.,All institutions<sup>a</sup>,Louisiana State U.,2,194,718,326,229,163,185,455,261,80,114,165,263,65,149,49
10646,r196,All institutions<sup>a</sup> -> Missouri U. of Science and Technology,All institutions<sup>a</sup>,Missouri U. of Science and Technology,2,195,712,312,400,0,182,460,254,206,0,171,252,58,194,0
10646,r197,All institutions<sup>a</sup> -> U. South Carolina,All institutions<sup>a</sup>,U. South Carolina,2,196,709,302,114,293,179,471,242,76,153,178,238,60,38,140
10646,r198,All institutions<sup>a</sup> -> Southeast Missouri State U.,All institutions<sup>a</sup>,Southeast Missouri State U.,2,197,705,664,0,41,160,539,506,0,33,236,166,158,0,8
10646,r199,All institutions<sup>a</sup> -> Brigham Young U.,All institutions<sup>a</sup>,Brigham Young U.,2,198,695,405,195,95,229,336,198,73,65,131,359,207,122,30
10646,r200,All institutions<sup>a</sup> -> Georgia Southern U.,All institutions<sup>a</sup>,Georgia Southern U.,2,199,687,326,100,261,170,499,240,68,191,212,188,86,32,70
10646,r201,"All institutions<sup>a</sup> -> U. Nevada, Reno",All institutions<sup>a</sup>,"U. Nevada, Reno",2,200,683,282,163,238,143,584,235,138,211,311,99,47,25,27
10646,r202,"All institutions<sup>a</sup> -> U. Nebraska, Omaha",All institutions<sup>a</sup>,"U. Nebraska, Omaha",2,200,683,683,0,0,254,296,296,0,0,119,387,387,0,0
10646,r203,All institutions<sup>a</sup> -> Texas A&M U.-Kingsville,All institutions<sup>a</sup>,Texas A&M U.-Kingsville,2,202,680,385,207,88,173,489,301,125,63,206,191,84,82,25
10646,r204,All institutions<sup>a</sup> -> Ball State U.,All institutions<sup>a</sup>,Ball State U.,2,203,678,594,0,84,238,318,256,0,62,129,360,338,0,22
10646,r205,All institutions<sup>a</sup> -> Tarleton State U.,All institutions<sup>a</sup>,Tarleton State U.,2,204,660,554,12,94,315,197,163,9,25,98,463,391,3,69
10646,r206,All institutions<sup>a</sup> -> Clark U.,All institutions<sup>a</sup>,Clark U.,2,205,657,657,0,0,138,597,597,0,0,394,60,60,0,0
10646,r207,All institutions<sup>a</sup> -> New School,All institutions<sup>a</sup>,New School,2,205,657,657,0,0,157,550,550,0,0,300,107,107,0,0
10646,r208,All institutions<sup>a</sup> -> New York Institute of Technology,All institutions<sup>a</sup>,New York Institute of Technology,2,207,650,526,97,27,164,521,436,58,27,270,129,90,39,0
10646,r209,All institutions<sup>a</sup> -> Western Michigan U.,All institutions<sup>a</sup>,Western Michigan U.,2,208,644,428,139,77,151,560,374,118,68,335,84,54,21,9
10646,r210,All institutions<sup>a</sup> -> Eastern Washington U.,All institutions<sup>a</sup>,Eastern Washington U.,2,209,642,271,0,371,163,523,205,0,318,286,119,66,0,53
10646,r211,All institutions<sup>a</sup> -> St. Cloud State U.,All institutions<sup>a</sup>,St. Cloud State U.,2,210,627,380,147,100,232,327,214,47,66,153,300,166,100,34
10646,r212,All institutions<sup>a</sup> -> California Institute of Integral Studies,All institutions<sup>a</sup>,California Institute of Integral Studies,2,211,619,619,0,0,168,502,502,0,0,287,117,117,0,0
10646,r213,All institutions<sup>a</sup> -> Azusa Pacific U.,All institutions<sup>a</sup>,Azusa Pacific U.,2,212,605,576,0,29,191,436,419,0,17,231,169,157,0,12
10646,r214,"All institutions<sup>a</sup> -> U. Arkansas, Fayetteville",All institutions<sup>a</sup>,"U. Arkansas, Fayetteville",2,213,603,289,232,82,242,313,171,73,69,155,290,118,159,13
10646,r215,"All institutions<sup>a</sup> -> California State U., Fresno",All institutions<sup>a</sup>,"California State U., Fresno",2,214,589,402,70,117,219,361,228,31,102,183,228,174,39,15
10646,r216,"All institutions<sup>a</sup> -> California State U., San Bernardino",All institutions<sup>a</sup>,"California State U., San Bernardino",2,215,583,554,0,29,165,510,481,0,29,363,73,73,0,0
10646,r217,All institutions<sup>a</sup> -> Washington State U.,All institutions<sup>a</sup>,Washington State U.,2,215,583,390,127,66,191,436,292,79,65,254,147,98,48,1
10646,r218,All institutions<sup>a</sup> -> Illinois State U.,All institutions<sup>a</sup>,Illinois State U.,2,217,580,511,0,69,172,493,425,0,68,327,87,86,0,1
10646,r219,All institutions<sup>a</sup> -> U. New Hampshire,All institutions<sup>a</sup>,U. New Hampshire,2,218,579,404,86,89,196,421,300,53,68,244,158,104,33,21
10646,r220,All institutions<sup>a</sup> -> U. North Dakota,All institutions<sup>a</sup>,U. North Dakota,2,219,576,340,134,102,297,216,104,42,70,129,360,236,92,32
10646,r221,All institutions<sup>a</sup> -> Villanova U.,All institutions<sup>a</sup>,Villanova U.,2,220,575,253,322,0,230,330,194,136,0,173,245,59,186,0
10646,r222,"All institutions<sup>a</sup> -> U. North Texas, Health Science Center",All institutions<sup>a</sup>,"U. North Texas, Health Science Center",2,221,572,388,0,184,181,466,346,0,120,304,106,42,0,64
10646,r223,All institutions<sup>a</sup> -> Towson U.,All institutions<sup>a</sup>,Towson U.,2,222,571,461,0,110,217,364,254,0,110,199,207,207,0,0
10646,r224,All institutions<sup>a</sup> -> U. Northern Colorado,All institutions<sup>a</sup>,U. Northern Colorado,2,222,571,377,0,194,261,287,171,0,116,157,284,206,0,78
10646,r225,All institutions<sup>a</sup> -> Saint Mary's U. Minnesota,All institutions<sup>a</sup>,Saint Mary's U. Minnesota,2,224,564,515,0,49,221,359,325,0,34,200,205,190,0,15
10646,r226,All institutions<sup>a</sup> -> Regis U.,All institutions<sup>a</sup>,Regis U.,2,225,563,548,0,15,203,410,403,0,7,246,153,145,0,8
10646,r227,All institutions<sup>a</sup> -> Barry U.,All institutions<sup>a</sup>,Barry U.,2,226,558,510,0,48,210,381,335,0,46,226,177,175,0,2
10646,r228,All institutions<sup>a</sup> -> U. Toledo,All institutions<sup>a</sup>,U. Toledo,2,227,556,273,123,160,213,378,201,65,112,225,178,72,58,48
10646,r229,All institutions<sup>a</sup> -> Oakland U.,All institutions<sup>a</sup>,Oakland U.,2,228,551,230,249,72,246,310,152,107,51,176,241,78,142,21
10646,r230,All institutions<sup>a</sup> -> Governors State U.,All institutions<sup>a</sup>,Governors State U.,2,229,546,390,0,156,204,407,289,0,118,260,139,101,0,38
10646,r231,"All institutions<sup>a</sup> -> U. Massachusetts, Dartmouth",All institutions<sup>a</sup>,"U. Massachusetts, Dartmouth",2,230,534,446,88,0,252,297,250,47,0,179,237,196,41,0
10646,r232,All institutions<sup>a</sup> -> East Tennessee State U.,All institutions<sup>a</sup>,East Tennessee State U.,2,231,533,194,0,339,222,357,149,0,208,227,176,45,0,131
10646,r233,"All institutions<sup>a</sup> -> Southern Illinois U., Carbondale",All institutions<sup>a</sup>,"Southern Illinois U., Carbondale",2,232,529,355,77,97,189,445,295,60,90,335,84,60,17,7
10646,r234,All institutions<sup>a</sup> -> National Louis U.,All institutions<sup>a</sup>,National Louis U.,2,232,529,529,0,0,210,381,381,0,0,252,148,148,0,0
10646,r235,All institutions<sup>a</sup> -> Virginia Commonwealth U.,All institutions<sup>a</sup>,Virginia Commonwealth U.,2,234,524,308,126,90,248,308,184,41,83,191,216,124,85,7
10646,r236,All institutions<sup>a</sup> -> U. Wyoming,All institutions<sup>a</sup>,U. Wyoming,2,235,520,339,104,77,196,421,284,89,48,311,99,55,15,29
10646,r237,All institutions<sup>a</sup> -> Clarion U. Pennsylvania<sup>c</sup>,All institutions<sup>a</sup>,Clarion U. Pennsylvania<sup>c</sup>,2,236,515,120,0,395,231,329,41,0,288,216,186,79,0,107
10646,r238,All institutions<sup>a</sup> -> North Dakota State U.,All institutions<sup>a</sup>,North Dakota State U.,2,237,514,368,110,36,246,310,229,56,25,201,204,139,54,11
10646,r239,"All institutions<sup>a</sup> -> CUNY, Queens C.",All institutions<sup>a</sup>,"CUNY, Queens C.",2,238,512,434,0,78,262,285,226,0,59,184,227,208,0,19
10646,r240,All institutions<sup>a</sup> -> U. Southern Mississippi,All institutions<sup>a</sup>,U. Southern Mississippi,2,239,507,314,1,192,194,428,274,0,154,346,79,40,1,38
10646,r241,"All institutions<sup>a</sup> -> U. Puerto Rico, Mayaguez",All institutions<sup>a</sup>,"U. Puerto Rico, Mayaguez",2,240,503,348,135,20,183,459,324,124,11,425,44,24,11,9
10646,r242,"All institutions<sup>a</sup> -> California State U., East Bay",All institutions<sup>a</sup>,"California State U., East Bay",2,241,502,421,0,81,208,388,310,0,78,292,114,111,0,3
10646,r243,"All institutions<sup>a</sup> -> California State U., San Marcos",All institutions<sup>a</sup>,"California State U., San Marcos",2,242,501,406,0,95,214,376,289,0,87,278,125,117,0,8
10646,r244,"All institutions<sup>a</sup> -> U. Texas, Tyler",All institutions<sup>a</sup>,"U. Texas, Tyler",2,243,493,296,73,124,244,312,211,47,54,221,181,85,26,70
10646,r245,All institutions<sup>a</sup> -> U. Rhode Island,All institutions<sup>a</sup>,U. Rhode Island,2,244,487,335,89,63,228,339,230,48,61,252,148,105,41,2
10646,r246,All institutions<sup>a</sup> -> Air Force Institute of Technology,All institutions<sup>a</sup>,Air Force Institute of Technology,2,245,476,105,368,3,227,340,86,252,2,263,136,19,116,1
10646,r247,All institutions<sup>a</sup> -> West Chester U. Pennsylvania,All institutions<sup>a</sup>,West Chester U. Pennsylvania,2,245,476,285,0,191,277,261,123,0,138,193,215,162,0,53
10646,r248,All institutions<sup>a</sup> -> U. Maine,All institutions<sup>a</sup>,U. Maine,2,247,472,331,104,37,190,438,300,101,37,442,34,31,3,0
10646,r249,All institutions<sup>a</sup> -> U. Iowa,All institutions<sup>a</sup>,U. Iowa,2,248,470,220,75,175,206,397,194,53,150,363,73,26,22,25
10646,r250,All institutions<sup>a</sup> -> Eastern Michigan U.,All institutions<sup>a</sup>,Eastern Michigan U.,2,249,468,341,0,127,303,209,125,0,84,168,259,216,0,43
10646,r251,All institutions<sup>a</sup> -> Middle Tennessee State U.,All institutions<sup>a</sup>,Middle Tennessee State U.,2,249,468,421,0,47,643,0,0,0,0,96,468,421,0,47
10646,r252,"All institutions<sup>a</sup> -> CUNY, City C.",All institutions<sup>a</sup>,"CUNY, City C.",2,251,461,343,118,0,316,196,144,52,0,164,265,199,66,0
10646,r253,"All institutions<sup>a</sup> -> U. Nevada, Las Vegas",All institutions<sup>a</sup>,"U. Nevada, Las Vegas",2,252,459,270,77,112,274,266,151,42,73,205,193,119,35,39
10646,r254,All institutions<sup>a</sup> -> South Dakota State U.,All institutions<sup>a</sup>,South Dakota State U.,2,253,451,355,76,20,264,284,225,57,2,233,167,130,19,18
10646,r255,All institutions<sup>a</sup> -> Lehigh U.,All institutions<sup>a</sup>,Lehigh U.,2,254,449,211,233,5,264,284,156,123,5,238,165,55,110,0
10646,r256,All institutions<sup>a</sup> -> Marshall U.,All institutions<sup>a</sup>,Marshall U.,2,255,448,308,22,118,235,324,205,13,106,279,124,103,9,12
10646,r257,All institutions<sup>a</sup> -> Texas A&M U.-Corpus Christi,All institutions<sup>a</sup>,Texas A&M U.-Corpus Christi,2,256,436,362,16,58,222,357,331,8,18,346,79,31,8,40
10646,r258,All institutions<sup>a</sup> -> Montana State U.,All institutions<sup>a</sup>,Montana State U.,2,257,434,332,102,0,232,327,242,85,0,300,107,90,17,0
10646,r259,All institutions<sup>a</sup> -> Bowling Green State U.,All institutions<sup>a</sup>,Bowling Green State U.,2,258,431,319,54,58,248,308,205,46,57,281,123,114,8,1
10646,r260,"All institutions<sup>a</sup> -> California Polytechnic State U., San Luis Obispo",All institutions<sup>a</sup>,"California Polytechnic State U., San Luis Obispo",2,259,427,231,196,0,256,292,138,154,0,265,135,93,42,0
10646,r261,All institutions<sup>a</sup> -> U. New England,All institutions<sup>a</sup>,U. New England,2,260,424,205,0,219,259,289,155,0,134,265,135,50,0,85
10646,r262,All institutions<sup>a</sup> -> Touro C.,All institutions<sup>a</sup>,Touro C.,2,261,410,313,0,97,250,306,210,0,96,309,104,103,0,1
10646,r263,All institutions<sup>a</sup> -> U. South Dakota,All institutions<sup>a</sup>,U. South Dakota,2,262,405,274,4,127,242,313,232,2,79,323,92,42,2,48
10646,r264,All institutions<sup>a</sup> -> Dartmouth C.,All institutions<sup>a</sup>,Dartmouth C.,2,263,402,138,136,128,210,381,129,135,117,497,21,9,1,11
10646,r265,"All institutions<sup>a</sup> -> CUNY, John Jay C. of Criminal Justice",All institutions<sup>a</sup>,"CUNY, John Jay C. of Criminal Justice",2,264,399,399,0,0,355,155,155,0,0,174,244,244,0,0
10646,r266,"All institutions<sup>a</sup> -> U. California, Santa Cruz",All institutions<sup>a</sup>,"U. California, Santa Cruz",2,265,397,348,49,0,209,385,339,46,0,538,12,9,3,0
10646,r267,All institutions<sup>a</sup> -> U. Vermont,All institutions<sup>a</sup>,U. Vermont,2,265,397,193,56,148,270,269,145,45,79,273,128,48,11,69
10646,r268,All institutions<sup>a</sup> -> Western Kentucky U.,All institutions<sup>a</sup>,Western Kentucky U.,2,267,396,175,0,221,266,281,101,0,180,290,115,74,0,41
10646,r269,"All institutions<sup>a</sup> -> U. North Carolina, Wilmington",All institutions<sup>a</sup>,"U. North Carolina, Wilmington",2,268,392,392,0,0,238,318,318,0,0,360,74,74,0,0
10646,r270,"All institutions<sup>a</sup> -> U. Puerto Rico, Medical Sciences Campus",All institutions<sup>a</sup>,"U. Puerto Rico, Medical Sciences Campus",2,269,391,99,0,292,226,349,91,0,258,428,42,8,0,34
10646,r271,All institutions<sup>a</sup> -> Idaho State U.,All institutions<sup>a</sup>,Idaho State U.,2,270,387,185,47,155,288,227,114,34,79,242,160,71,13,76
10646,r272,All institutions<sup>a</sup> -> Southern Connecticut State U.,All institutions<sup>a</sup>,Southern Connecticut State U.,2,271,386,180,10,196,286,236,81,6,149,248,150,99,4,47
10646,r273,All institutions<sup>a</sup> -> Eastern Kentucky U.,All institutions<sup>a</sup>,Eastern Kentucky U.,2,271,386,286,0,100,330,176,95,0,81,197,210,191,0,19
10646,r274,All institutions<sup>a</sup> -> Gannon U.,All institutions<sup>a</sup>,Gannon U.,2,273,383,298,85,0,225,350,279,71,0,447,33,19,14,0
10646,r275,All institutions<sup>a</sup> -> Nova Southeastern U.,All institutions<sup>a</sup>,Nova Southeastern U.,2,274,381,373,0,8,352,158,151,0,7,186,223,222,0,1
10646,r276,All institutions<sup>a</sup> -> U. Montana,All institutions<sup>a</sup>,U. Montana,2,275,380,225,0,155,293,221,130,0,91,243,159,95,0,64
10646,r277,All institutions<sup>a</sup> -> Angelo State U.,All institutions<sup>a</sup>,Angelo State U.,2,276,377,367,0,10,347,162,154,0,8,193,215,213,0,2
10646,r278,All institutions<sup>a</sup> -> Fairleigh Dickinson U.,All institutions<sup>a</sup>,Fairleigh Dickinson U.,2,277,374,337,7,30,267,279,260,6,13,320,95,77,1,17
10646,r279,"All institutions<sup>a</sup> -> Loyola U., Chicago",All institutions<sup>a</sup>,"Loyola U., Chicago",2,278,371,340,27,4,252,297,281,16,0,360,74,59,11,4
10646,r280,All institutions<sup>a</sup> -> Marquette U.,All institutions<sup>a</sup>,Marquette U.,2,278,371,163,71,137,313,199,63,31,105,229,172,100,40,32
10646,r281,"All institutions<sup>a</sup> -> CUNY, Graduate Center",All institutions<sup>a</sup>,"CUNY, Graduate Center",2,280,370,370,0,0,397,116,116,0,0,170,254,254,0,0
10646,r282,All institutions<sup>a</sup> -> Murray State U.,All institutions<sup>a</sup>,Murray State U.,2,281,362,316,0,46,251,303,257,0,46,399,59,59,0,0
10646,r283,All institutions<sup>a</sup> -> Manhattan C.,All institutions<sup>a</sup>,Manhattan C.,2,281,362,0,362,0,255,294,0,294,0,376,68,0,68,0
10646,r284,All institutions<sup>a</sup> -> Appalachian State U.,All institutions<sup>a</sup>,Appalachian State U.,2,283,361,255,0,106,258,291,187,0,104,368,70,68,0,2
10646,r285,All institutions<sup>a</sup> -> Seattle U.,All institutions<sup>a</sup>,Seattle U.,2,283,361,328,33,0,331,175,169,6,0,216,186,159,27,0
10646,r286,All institutions<sup>a</sup> -> Marymount U.,All institutions<sup>a</sup>,Marymount U.,2,285,359,339,0,20,267,279,267,0,12,342,80,72,0,8
10646,r287,All institutions<sup>a</sup> -> Kean U.,All institutions<sup>a</sup>,Kean U.,2,285,359,228,0,131,276,262,165,0,97,315,97,63,0,34
10646,r288,All institutions<sup>a</sup> -> Southern U. and A&M C.,All institutions<sup>a</sup>,Southern U. and A&M C.,2,287,358,285,19,54,296,217,156,11,50,258,141,129,8,4
10646,r289,All institutions<sup>a</sup> -> Saint Joseph's U.<sup>d</sup>,All institutions<sup>a</sup>,Saint Joseph's U.<sup>d</sup>,2,287,358,285,0,73,438,81,76,0,5,159,277,209,0,68
10646,r290,All institutions<sup>a</sup> -> North Carolina Central U.,All institutions<sup>a</sup>,North Carolina Central U.,2,289,356,246,0,110,279,257,147,0,110,311,99,99,0,0
10646,r291,All institutions<sup>a</sup> -> U. Central Oklahoma,All institutions<sup>a</sup>,U. Central Oklahoma,2,290,355,257,19,79,292,222,163,11,48,267,133,94,8,31
10646,r292,"All institutions<sup>a</sup> -> California State U., Chico",All institutions<sup>a</sup>,"California State U., Chico",2,291,354,268,0,86,285,241,159,0,82,293,113,109,0,4
10646,r293,All institutions<sup>a</sup> -> Boise State U.,All institutions<sup>a</sup>,Boise State U.,2,292,353,228,75,50,304,207,137,35,35,256,146,91,40,15
10646,r294,All institutions<sup>a</sup> -> U. Mississippi,All institutions<sup>a</sup>,U. Mississippi,2,293,349,157,21,171,240,315,144,21,150,442,34,13,0,21
10646,r295,All institutions<sup>a</sup> -> Simmons U.,All institutions<sup>a</sup>,Simmons U.,2,294,345,294,0,51,527,39,34,0,5,150,306,260,0,46
10646,r296,"All institutions<sup>a</sup> -> SUNY, Downstate Medical Center",All institutions<sup>a</sup>,"SUNY, Downstate Medical Center",2,295,344,10,0,334,347,162,10,0,152,220,182,0,0,182
10646,r297,"All institutions<sup>a</sup> -> U. Louisiana, Lafayette",All institutions<sup>a</sup>,"U. Louisiana, Lafayette",2,296,343,226,69,48,256,292,184,60,48,414,51,42,9,0
10646,r298,All institutions<sup>a</sup> -> Valparaiso U.,All institutions<sup>a</sup>,Valparaiso U.,2,296,343,334,0,9,274,266,259,0,7,351,77,75,0,2
10646,r299,All institutions<sup>a</sup> -> Columbus State U.,All institutions<sup>a</sup>,Columbus State U.,2,298,338,324,10,4,387,122,114,5,3,191,216,210,5,1
10646,r300,"All institutions<sup>a</sup> -> St. John's U., Queens",All institutions<sup>a</sup>,"St. John's U., Queens",2,299,336,246,0,90,271,267,182,0,85,373,69,64,0,5
10646,r301,All institutions<sup>a</sup> -> Western Washington U.,All institutions<sup>a</sup>,Western Washington U.,2,299,336,278,0,58,271,267,219,0,48,373,69,59,0,10
10646,r302,All institutions<sup>a</sup> -> U. Oregon,All institutions<sup>a</sup>,U. Oregon,2,301,335,265,0,70,236,319,249,0,70,520,16,16,0,0
10646,r303,"All institutions<sup>a</sup> -> Inter American U. Puerto Rico, Metro",All institutions<sup>a</sup>,"Inter American U. Puerto Rico, Metro",2,301,335,253,0,82,291,223,162,0,61,296,112,91,0,21
10646,r304,All institutions<sup>a</sup> -> U. Akron,All institutions<sup>a</sup>,U. Akron,2,303,330,178,59,93,304,207,120,26,61,281,123,58,33,32
10646,r305,All institutions<sup>a</sup> -> Yale U.,All institutions<sup>a</sup>,Yale U.,2,304,327,173,20,134,234,325,172,19,134,603,2,1,1,0
10646,r306,All institutions<sup>a</sup> -> Bradley U.,All institutions<sup>a</sup>,Bradley U.,2,304,327,201,126,0,259,289,172,117,0,436,38,29,9,0
10646,r307,All institutions<sup>a</sup> -> Yeshiva U.,All institutions<sup>a</sup>,Yeshiva U.,2,306,319,176,0,143,300,214,85,0,129,307,105,91,0,14
10646,r308,All institutions<sup>a</sup> -> Massachusetts C. of Pharmacy and Health Sciences,All institutions<sup>a</sup>,Massachusetts C. of Pharmacy and Health Sciences,2,307,318,10,0,308,368,142,10,0,132,227,176,0,0,176
10646,r309,All institutions<sup>a</sup> -> Sage Colleges,All institutions<sup>a</sup>,Sage Colleges,2,307,318,318,0,0,486,60,60,0,0,169,258,258,0,0
10646,r310,"All institutions<sup>a</sup> -> CUNY, Brooklyn C.",All institutions<sup>a</sup>,"CUNY, Brooklyn C.",2,309,317,228,0,89,406,109,44,0,65,198,208,184,0,24
10646,r311,"All institutions<sup>a</sup> -> U. Puerto Rico, Rio Piedras",All institutions<sup>a</sup>,"U. Puerto Rico, Rio Piedras",2,310,316,316,0,0,360,149,149,0,0,233,167,167,0,0
10646,r312,All institutions<sup>a</sup> -> Philadelphia C. of Osteopathic Medicine,All institutions<sup>a</sup>,Philadelphia C. of Osteopathic Medicine,2,311,315,315,0,0,271,267,267,0,0,417,48,48,0,0
10646,r313,"All institutions<sup>a</sup> -> U. California, Santa Barbara",All institutions<sup>a</sup>,"U. California, Santa Barbara",2,312,314,247,67,0,241,314,247,67,0,624,0,0,0,0
10646,r314,All institutions<sup>a</sup> -> Claremont Graduate U.,All institutions<sup>a</sup>,Claremont Graduate U.,2,313,313,239,0,74,383,126,104,0,22,213,187,135,0,52
10646,r315,All institutions<sup>a</sup> -> Princeton U.,All institutions<sup>a</sup>,Princeton U.,2,314,311,264,47,0,245,311,264,47,0,624,0,0,0,0
10646,r316,All institutions<sup>a</sup> -> Eastern Virginia Medical School,All institutions<sup>a</sup>,Eastern Virginia Medical School,2,314,311,0,0,311,289,226,0,0,226,332,85,0,0,85
10646,r317,All institutions<sup>a</sup> -> U. of Saint Joseph,All institutions<sup>a</sup>,U. of Saint Joseph,2,316,310,289,0,21,431,91,89,0,2,189,219,200,0,19
10646,r318,All institutions<sup>a</sup> -> Eastern Illinois U.,All institutions<sup>a</sup>,Eastern Illinois U.,2,317,306,208,0,98,310,201,114,0,87,307,105,94,0,11
10646,r319,"All institutions<sup>a</sup> -> Minnesota State U., Mankato",All institutions<sup>a</sup>,"Minnesota State U., Mankato",2,318,305,198,16,91,325,183,98,8,77,283,122,100,8,14
10646,r320,All institutions<sup>a</sup> -> Oregon Health and Science U.,All institutions<sup>a</sup>,Oregon Health and Science U.,2,319,304,96,0,208,331,175,54,0,121,270,129,42,0,87
10646,r321,All institutions<sup>a</sup> -> Roosevelt U.,All institutions<sup>a</sup>,Roosevelt U.,2,320,301,301,0,0,306,204,204,0,0,315,97,97,0,0
10646,r322,All institutions<sup>a</sup> -> U. North Florida,All institutions<sup>a</sup>,U. North Florida,2,321,300,189,28,83,322,185,109,15,61,290,115,80,13,22
10646,r323,"All institutions<sup>a</sup> -> U. Louisiana, Monroe",All institutions<sup>a</sup>,"U. Louisiana, Monroe",2,322,299,200,0,99,320,189,103,0,86,297,110,97,0,13
10646,r324,All institutions<sup>a</sup> -> Lawrence Technological U.,All institutions<sup>a</sup>,Lawrence Technological U.,2,322,299,88,211,0,491,58,10,48,0,176,241,78,163,0
10646,r325,All institutions<sup>a</sup> -> Tennessee State U.,All institutions<sup>a</sup>,Tennessee State U.,2,324,298,171,37,90,335,171,100,26,45,275,127,71,11,45
10646,r326,All institutions<sup>a</sup> -> Embry-Riddle Aeronautical U.,All institutions<sup>a</sup>,Embry-Riddle Aeronautical U.,2,325,297,104,193,0,269,274,95,179,0,483,23,9,14,0
10646,r327,All institutions<sup>a</sup> -> Seton Hall U.,All institutions<sup>a</sup>,Seton Hall U.,2,326,296,204,0,92,295,218,127,0,91,349,78,77,0,1
10646,r328,All institutions<sup>a</sup> -> North Carolina Agricultural and Technical State U.,All institutions<sup>a</sup>,North Carolina Agricultural and Technical State U.,2,327,293,143,150,0,287,229,113,116,0,383,64,30,34,0
10646,r329,All institutions<sup>a</sup> -> Hofstra U.,All institutions<sup>a</sup>,Hofstra U.,2,327,293,103,0,190,301,213,77,0,136,342,80,26,0,54
10646,r330,All institutions<sup>a</sup> -> Jacksonville U.,All institutions<sup>a</sup>,Jacksonville U.,2,329,292,94,0,198,297,216,20,0,196,354,76,74,0,2
10646,r331,All institutions<sup>a</sup> -> Polytechnic U. Puerto Rico,All institutions<sup>a</sup>,Polytechnic U. Puerto Rico,2,330,289,49,240,0,345,163,29,134,0,276,126,20,106,0
10646,r332,All institutions<sup>a</sup> -> U. Rochester,All institutions<sup>a</sup>,U. Rochester,2,331,287,171,78,38,302,210,132,73,5,351,77,39,5,33
10646,r333,All institutions<sup>a</sup> -> U. South Alabama,All institutions<sup>a</sup>,U. South Alabama,2,332,277,163,65,49,280,256,151,56,49,497,21,12,9,0
10646,r334,"All institutions<sup>a</sup> -> U. Alaska, Fairbanks",All institutions<sup>a</sup>,"U. Alaska, Fairbanks",2,332,277,235,42,0,408,106,84,22,0,230,171,151,20,0
10646,r335,All institutions<sup>a</sup> -> Central Washington U.,All institutions<sup>a</sup>,Central Washington U.,2,334,276,236,7,33,318,192,168,0,24,335,84,68,7,9
10646,r336,All institutions<sup>a</sup> -> Stephen F. Austin State U.,All institutions<sup>a</sup>,Stephen F. Austin State U.,2,334,276,180,0,96,319,191,97,0,94,332,85,83,0,2
10646,r337,All institutions<sup>a</sup> -> Northern Kentucky U.,All institutions<sup>a</sup>,Northern Kentucky U.,2,336,275,176,0,99,424,94,66,0,28,221,181,110,0,71
10646,r338,All institutions<sup>a</sup> -> Emporia State U.,All institutions<sup>a</sup>,Emporia State U.,2,337,274,274,0,0,397,116,116,0,0,244,158,158,0,0
10646,r339,All institutions<sup>a</sup> -> Benedictine U.,All institutions<sup>a</sup>,Benedictine U.,2,338,273,110,0,163,426,93,72,0,21,224,180,38,0,142
10646,r340,"All institutions<sup>a</sup> -> Touro U., Vallejo",All institutions<sup>a</sup>,"Touro U., Vallejo",2,339,271,0,0,271,282,246,0,0,246,470,25,0,0,25
10646,r341,All institutions<sup>a</sup> -> Thomas Jefferson U.,All institutions<sup>a</sup>,Thomas Jefferson U.,2,339,271,154,7,110,449,77,33,5,39,204,194,121,2,71
10646,r342,All institutions<sup>a</sup> -> U. Notre Dame,All institutions<sup>a</sup>,U. Notre Dame,2,341,270,180,90,0,306,204,115,89,0,381,66,65,1,0
10646,r343,All institutions<sup>a</sup> -> Midwestern State U.,All institutions<sup>a</sup>,Midwestern State U.,2,341,270,270,0,0,341,168,168,0,0,310,102,102,0,0
10646,r344,All institutions<sup>a</sup> -> U. Hartford,All institutions<sup>a</sup>,U. Hartford,2,343,269,207,62,0,412,102,84,18,0,233,167,123,44,0
10646,r345,All institutions<sup>a</sup> -> Central Connecticut State U.,All institutions<sup>a</sup>,Central Connecticut State U.,2,344,265,237,28,0,453,76,73,3,0,209,189,164,25,0
10646,r346,All institutions<sup>a</sup> -> Austin Peay State U.,All institutions<sup>a</sup>,Austin Peay State U.,2,345,262,262,0,0,419,97,97,0,0,238,165,165,0,0
10646,r347,All institutions<sup>a</sup> -> U. of the Pacific,All institutions<sup>a</sup>,U. of the Pacific,2,346,261,142,21,98,338,169,64,20,85,323,92,78,1,13
10646,r348,All institutions<sup>a</sup> -> Boston C.,All institutions<sup>a</sup>,Boston C.,2,347,260,260,0,0,327,181,181,0,0,346,79,79,0,0
10646,r349,All institutions<sup>a</sup> -> Northeastern Illinois U.,All institutions<sup>a</sup>,Northeastern Illinois U.,2,348,258,182,0,76,422,95,53,0,42,241,163,129,0,34
10646,r350,All institutions<sup>a</sup> -> New Jersey City U.,All institutions<sup>a</sup>,New Jersey City U.,2,348,258,133,0,125,449,77,65,0,12,221,181,68,0,113
10646,r351,"All institutions<sup>a</sup> -> U. Nebraska, Kearney",All institutions<sup>a</sup>,"U. Nebraska, Kearney",2,350,257,175,0,82,468,68,22,0,46,209,189,153,0,36
10646,r352,All institutions<sup>a</sup> -> Vanderbilt U.,All institutions<sup>a</sup>,Vanderbilt U.,2,351,253,225,28,0,283,242,216,26,0,546,11,9,2,0
10646,r353,"All institutions<sup>a</sup> -> U. Tennessee, Chattanooga",All institutions<sup>a</sup>,"U. Tennessee, Chattanooga",2,351,253,161,47,45,335,171,119,22,30,339,82,42,25,15
10646,r354,All institutions<sup>a</sup> -> Keck Graduate Institute,All institutions<sup>a</sup>,Keck Graduate Institute,2,353,250,151,29,70,281,249,150,29,70,611,1,1,0,0
10646,r355,All institutions<sup>a</sup> -> Indiana U. Pennsylvania,All institutions<sup>a</sup>,Indiana U. Pennsylvania,2,353,250,189,0,61,371,140,83,0,57,297,110,106,0,4
10646,r356,All institutions<sup>a</sup> -> A. T. Still U.,All institutions<sup>a</sup>,A. T. Still U.,2,353,250,19,0,231,374,137,12,0,125,293,113,7,0,106
10646,r357,"All institutions<sup>a</sup> -> Loyola U., Maryland",All institutions<sup>a</sup>,"Loyola U., Maryland",2,356,247,150,0,97,338,169,72,0,97,349,78,78,0,0
10646,r358,All institutions<sup>a</sup> -> Augusta U.,All institutions<sup>a</sup>,Augusta U.,2,357,246,153,0,93,350,160,99,0,61,330,86,54,0,32
10646,r359,All institutions<sup>a</sup> -> Endicott C.,All institutions<sup>a</sup>,Endicott C.,2,358,244,244,0,0,566,24,24,0,0,188,220,220,0,0
10646,r360,All institutions<sup>a</sup> -> Mercer U.,All institutions<sup>a</sup>,Mercer U.,2,359,241,44,59,138,322,185,42,34,109,407,56,2,25,29
10646,r361,"All institutions<sup>a</sup> -> Rensselaer Polytechnic Institute, Troy",All institutions<sup>a</sup>,"Rensselaer Polytechnic Institute, Troy",2,360,240,97,143,0,317,194,91,103,0,419,46,6,40,0
10646,r362,All institutions<sup>a</sup> -> U. Northern Iowa,All institutions<sup>a</sup>,U. Northern Iowa,2,360,240,126,0,114,342,167,57,0,110,363,73,69,0,4
10646,r363,All institutions<sup>a</sup> -> U. Arkansas for Medical Sciences,All institutions<sup>a</sup>,U. Arkansas for Medical Sciences,2,362,239,49,0,190,410,103,29,0,74,263,136,20,0,116
10646,r364,All institutions<sup>a</sup> -> U. Wisconsin-La Crosse,All institutions<sup>a</sup>,U. Wisconsin-La Crosse,2,362,239,209,18,12,459,73,49,12,12,236,166,160,6,0
10646,r365,All institutions<sup>a</sup> -> James Madison U.,All institutions<sup>a</sup>,James Madison U.,2,364,238,144,0,94,344,164,97,0,67,360,74,47,0,27
10646,r366,All institutions<sup>a</sup> -> New York Medical C.,All institutions<sup>a</sup>,New York Medical C.,2,365,236,131,0,105,328,177,92,0,85,399,59,39,0,20
10646,r367,All institutions<sup>a</sup> -> Humboldt State U.,All institutions<sup>a</sup>,Humboldt State U.,2,365,236,236,0,0,338,169,169,0,0,380,67,67,0,0
10646,r368,All institutions<sup>a</sup> -> Northeastern State U.,All institutions<sup>a</sup>,Northeastern State U.,2,365,236,173,0,63,364,145,102,0,43,325,91,71,0,20
10646,r369,"All institutions<sup>a</sup> -> SUNY, Polytechnic Institute",All institutions<sup>a</sup>,"SUNY, Polytechnic Institute",2,365,236,201,9,26,372,138,126,4,8,314,98,75,5,18
10646,r370,All institutions<sup>a</sup> -> William Paterson U.,All institutions<sup>a</sup>,William Paterson U.,2,369,235,111,0,124,358,153,70,0,83,339,82,41,0,41
10646,r371,All institutions<sup>a</sup> -> Chapman U.,All institutions<sup>a</sup>,Chapman U.,2,370,233,129,0,104,328,177,75,0,102,407,56,54,0,2
10646,r372,All institutions<sup>a</sup> -> Southeastern Louisiana U.,All institutions<sup>a</sup>,Southeastern Louisiana U.,2,371,230,109,0,121,337,170,67,0,103,394,60,42,0,18
10646,r373,All institutions<sup>a</sup> -> Arkansas State U.,All institutions<sup>a</sup>,Arkansas State U.,2,372,228,150,8,70,387,122,56,1,65,304,106,94,7,5
10646,r374,All institutions<sup>a</sup> -> Clarkson U.,All institutions<sup>a</sup>,Clarkson U.,2,372,228,77,151,0,394,120,52,68,0,299,108,25,83,0
10646,r375,All institutions<sup>a</sup> -> Fitchburg State U.,All institutions<sup>a</sup>,Fitchburg State U.,2,374,227,227,0,0,306,204,204,0,0,483,23,23,0,0
10646,r376,All institutions<sup>a</sup> -> Uniformed Services U. of the Health Sciences,All institutions<sup>a</sup>,Uniformed Services U. of the Health Sciences,2,375,226,0,0,226,289,226,0,0,226,624,0,0,0,0
10646,r377,All institutions<sup>a</sup> -> Wake Forest U.,All institutions<sup>a</sup>,Wake Forest U.,2,375,226,172,8,46,299,215,168,8,39,546,11,4,0,7
10646,r378,"All institutions<sup>a</sup> -> California State U., Dominguez Hills",All institutions<sup>a</sup>,"California State U., Dominguez Hills",2,375,226,226,0,0,343,166,166,0,0,394,60,60,0,0
10646,r379,"All institutions<sup>a</sup> -> Texas A&M U., San Antonio",All institutions<sup>a</sup>,"Texas A&M U., San Antonio",2,375,226,218,0,8,441,80,78,0,2,256,146,140,0,6
10646,r380,All institutions<sup>a</sup> -> Hood C.,All institutions<sup>a</sup>,Hood C.,2,379,224,224,0,0,424,94,94,0,0,269,130,130,0,0
10646,r381,All institutions<sup>a</sup> -> U. Tulsa,All institutions<sup>a</sup>,U. Tulsa,2,380,222,123,58,41,310,201,102,58,41,497,21,21,0,0
10646,r382,All institutions<sup>a</sup> -> Morehouse School of Medicine,All institutions<sup>a</sup>,Morehouse School of Medicine,2,381,219,91,0,128,306,204,85,0,119,524,15,6,0,9
10646,r383,All institutions<sup>a</sup> -> Loyola Marymount U.,All institutions<sup>a</sup>,Loyola Marymount U.,2,382,218,123,88,7,321,188,118,65,5,455,30,5,23,2
10646,r384,All institutions<sup>a</sup> -> Eastern New Mexico U.,All institutions<sup>a</sup>,Eastern New Mexico U.,2,383,216,81,0,135,361,146,47,0,99,368,70,34,0,36
10646,r385,All institutions<sup>a</sup> -> U. Wisconsin-Eau Claire,All institutions<sup>a</sup>,U. Wisconsin-Eau Claire,2,383,216,109,0,107,475,66,21,0,45,248,150,88,0,62
10646,r386,All institutions<sup>a</sup> -> U. West Georgia,All institutions<sup>a</sup>,U. West Georgia,2,385,214,148,0,66,436,85,52,0,33,270,129,96,0,33
10646,r387,All institutions<sup>a</sup> -> Midwestern U.,All institutions<sup>a</sup>,Midwestern U.,2,386,213,213,0,0,312,200,200,0,0,535,13,13,0,0
10646,r388,"All institutions<sup>a</sup> -> U. Missouri, Saint Louis",All institutions<sup>a</sup>,"U. Missouri, Saint Louis",2,387,210,210,0,0,437,82,82,0,0,273,128,128,0,0
10646,r389,All institutions<sup>a</sup> -> U. North Alabama,All institutions<sup>a</sup>,U. North Alabama,2,387,210,164,30,16,465,70,55,1,14,259,140,109,29,2
10646,r390,All institutions<sup>a</sup> -> Dakota State U.,All institutions<sup>a</sup>,Dakota State U.,2,389,209,189,0,20,378,134,119,0,15,357,75,70,0,5
10646,r391,All institutions<sup>a</sup> -> Indiana State U.,All institutions<sup>a</sup>,Indiana State U.,2,389,209,158,0,51,386,124,73,0,51,332,85,85,0,0
10646,r392,All institutions<sup>a</sup> -> U. New Orleans,All institutions<sup>a</sup>,U. New Orleans,2,389,209,154,55,0,426,93,72,21,0,289,116,82,34,0
10646,r393,All institutions<sup>a</sup> -> Fordham U.,All institutions<sup>a</sup>,Fordham U.,2,392,208,208,0,0,361,146,146,0,0,389,62,62,0,0
10646,r394,All institutions<sup>a</sup> -> U. La Verne,All institutions<sup>a</sup>,U. La Verne,2,392,208,208,0,0,412,102,102,0,0,304,106,106,0,0
10646,r395,All institutions<sup>a</sup> -> Citadel Military C. South Carolina,All institutions<sup>a</sup>,Citadel Military C. South Carolina,2,392,208,163,30,15,488,59,51,4,4,250,149,112,26,11
10646,r396,All institutions<sup>a</sup> -> William and Mary,All institutions<sup>a</sup>,William and Mary,2,395,207,207,0,0,314,198,198,0,0,567,9,9,0,0
10646,r397,All institutions<sup>a</sup> -> Mississippi C.,All institutions<sup>a</sup>,Mississippi C.,2,396,206,204,2,0,361,146,146,0,0,394,60,58,2,0
10646,r398,"All institutions<sup>a</sup> -> SUNY, New Paltz",All institutions<sup>a</sup>,"SUNY, New Paltz",2,397,204,145,5,54,326,182,128,3,51,492,22,17,2,3
10646,r399,All institutions<sup>a</sup> -> Kansas City U. of Medicine and Biosciences,All institutions<sup>a</sup>,Kansas City U. of Medicine and Biosciences,2,397,204,138,0,66,376,136,136,0,0,376,68,2,0,66
10646,r400,All institutions<sup>a</sup> -> Pontifical Catholic U. Puerto Rico,All institutions<sup>a</sup>,Pontifical Catholic U. Puerto Rico,2,399,203,203,0,0,402,112,112,0,0,325,91,91,0,0
10646,r401,All institutions<sup>a</sup> -> Loma Linda U.,All institutions<sup>a</sup>,Loma Linda U.,2,400,202,67,0,135,331,175,57,0,118,463,27,10,0,17
10646,r402,All institutions<sup>a</sup> -> South Dakota School of Mines and Technology,All institutions<sup>a</sup>,South Dakota School of Mines and Technology,2,400,202,41,161,0,372,138,31,107,0,383,64,10,54,0
10646,r403,All institutions<sup>a</sup> -> C. of Saint Rose,All institutions<sup>a</sup>,C. of Saint Rose,2,402,200,120,0,80,356,154,75,0,79,419,46,45,0,1
10646,r404,"All institutions<sup>a</sup> -> Keiser U., Fort Lauderdale",All institutions<sup>a</sup>,"Keiser U., Fort Lauderdale",2,403,195,195,0,0,322,185,185,0,0,554,10,10,0,0
10646,r405,All institutions<sup>a</sup> -> U. Houston-Victoria,All institutions<sup>a</sup>,U. Houston-Victoria,2,403,195,195,0,0,399,115,115,0,0,342,80,80,0,0
10646,r406,All institutions<sup>a</sup> -> Monmouth U.,All institutions<sup>a</sup>,Monmouth U.,2,405,189,100,12,77,396,117,35,5,77,366,72,65,7,0
10646,r407,All institutions<sup>a</sup> -> Avila U.,All institutions<sup>a</sup>,Avila U.,2,406,188,173,0,15,345,163,150,0,13,470,25,23,0,2
10646,r408,All institutions<sup>a</sup> -> U. Central Arkansas,All institutions<sup>a</sup>,U. Central Arkansas,2,406,188,88,0,100,382,128,40,0,88,394,60,48,0,12
10646,r409,All institutions<sup>a</sup> -> New Mexico Institute of Mining and Technology,All institutions<sup>a</sup>,New Mexico Institute of Mining and Technology,2,408,187,66,121,0,380,133,51,82,0,412,54,15,39,0
10646,r410,"All institutions<sup>a</sup> -> SUNY, C. of Environmental Science and Forestry",All institutions<sup>a</sup>,"SUNY, C. of Environmental Science and Forestry",2,409,185,165,20,0,351,159,142,17,0,466,26,23,3,0
10646,r411,All institutions<sup>a</sup> -> Chatham U.,All institutions<sup>a</sup>,Chatham U.,2,410,183,183,0,0,369,141,141,0,0,428,42,42,0,0
10646,r412,All institutions<sup>a</sup> -> C. Charleston,All institutions<sup>a</sup>,C. Charleston,2,411,182,182,0,0,434,87,87,0,0,320,95,95,0,0
10646,r413,All institutions<sup>a</sup> -> Quinnipiac U.,All institutions<sup>a</sup>,Quinnipiac U.,2,412,178,178,0,0,407,108,108,0,0,368,70,70,0,0
10646,r414,All institutions<sup>a</sup> -> Tennessee Technological U.,All institutions<sup>a</sup>,Tennessee Technological U.,2,413,176,102,74,0,488,59,39,20,0,287,117,63,54,0
10646,r415,All institutions<sup>a</sup> -> Oklahoma Christian U.,All institutions<sup>a</sup>,Oklahoma Christian U.,2,414,172,0,172,0,374,137,0,137,0,440,35,0,35,0
10646,r416,All institutions<sup>a</sup> -> Valdosta State U.,All institutions<sup>a</sup>,Valdosta State U.,2,415,171,72,0,99,364,145,46,0,99,466,26,26,0,0
10646,r417,All institutions<sup>a</sup> -> Weber State U.,All institutions<sup>a</sup>,Weber State U.,2,415,171,50,22,99,390,121,21,6,94,415,50,29,16,5
10646,r418,All institutions<sup>a</sup> -> Commonwealth Medical C.,All institutions<sup>a</sup>,Commonwealth Medical C.,2,417,169,169,0,0,405,110,110,0,0,399,59,59,0,0
10646,r419,All institutions<sup>a</sup> -> Youngstown State U.,All institutions<sup>a</sup>,Youngstown State U.,2,418,168,97,71,0,358,153,89,64,0,524,15,8,7,0
10646,r420,All institutions<sup>a</sup> -> Abilene Christian U.,All institutions<sup>a</sup>,Abilene Christian U.,2,419,167,55,0,112,353,156,44,0,112,546,11,11,0,0
10646,r421,"All institutions<sup>a</sup> -> California State U., Monterey Bay",All institutions<sup>a</sup>,"California State U., Monterey Bay",2,419,167,118,0,49,378,134,85,0,49,447,33,33,0,0
10646,r422,All institutions<sup>a</sup> -> West Texas A&M U.,All institutions<sup>a</sup>,West Texas A&M U.,2,421,164,72,31,61,449,77,26,10,41,327,87,46,21,20
10646,r423,All institutions<sup>a</sup> -> California Lutheran U.,All institutions<sup>a</sup>,California Lutheran U.,2,422,163,163,0,0,364,145,145,0,0,513,18,18,0,0
10646,r424,All institutions<sup>a</sup> -> Meharry Medical C.,All institutions<sup>a</sup>,Meharry Medical C.,2,423,162,119,0,43,349,161,118,0,43,611,1,1,0,0
10646,r425,All institutions<sup>a</sup> -> Texas Christian U.,All institutions<sup>a</sup>,Texas Christian U.,2,424,161,107,0,54,353,156,102,0,54,581,5,5,0,0
10646,r426,"All institutions<sup>a</sup> -> U. Texas Health Science Center, San Antonio",All institutions<sup>a</sup>,"U. Texas Health Science Center, San Antonio",2,424,161,51,11,99,367,144,49,1,94,517,17,2,10,5
10646,r427,All institutions<sup>a</sup> -> Montana Tech of U. Montana,All institutions<sup>a</sup>,Montana Tech of U. Montana,2,424,161,26,44,91,497,54,14,27,13,300,107,12,17,78
10646,r428,All institutions<sup>a</sup> -> Calvin C.,All institutions<sup>a</sup>,Calvin C.,2,427,160,10,0,150,419,97,4,0,93,385,63,6,0,57
10646,r429,All institutions<sup>a</sup> -> Florida A&M U.,All institutions<sup>a</sup>,Florida A&M U.,2,428,158,140,18,0,385,125,110,15,0,447,33,30,3,0
10646,r430,All institutions<sup>a</sup> -> Morgan State U.,All institutions<sup>a</sup>,Morgan State U.,2,429,157,71,38,48,369,141,64,35,42,520,16,7,3,6
10646,r431,All institutions<sup>a</sup> -> La Salle U.,All institutions<sup>a</sup>,La Salle U.,2,429,157,98,0,59,381,132,74,0,58,470,25,24,0,1
10646,r432,"All institutions<sup>a</sup> -> SUNY, Buffalo State",All institutions<sup>a</sup>,"SUNY, Buffalo State",2,429,157,101,5,51,412,102,49,2,51,409,55,52,3,0
10646,r433,All institutions<sup>a</sup> -> Stockton U.,All institutions<sup>a</sup>,Stockton U.,2,429,157,95,0,62,422,95,37,0,58,389,62,58,0,4
10646,r434,All institutions<sup>a</sup> -> McNeese State U.,All institutions<sup>a</sup>,McNeese State U.,2,433,156,115,10,31,387,122,88,9,25,442,34,27,1,6
10646,r435,All institutions<sup>a</sup> -> U. of the District of Columbia,All institutions<sup>a</sup>,U. of the District of Columbia,2,433,156,95,21,40,401,113,59,18,36,427,43,36,3,4
10646,r436,All institutions<sup>a</sup> -> Salem State U.,All institutions<sup>a</sup>,Salem State U.,2,435,154,154,0,0,456,74,74,0,0,342,80,80,0,0
10646,r437,All institutions<sup>a</sup> -> Oklahoma City U.,All institutions<sup>a</sup>,Oklahoma City U.,2,436,153,128,0,25,402,112,108,0,4,432,41,20,0,21
10646,r438,All institutions<sup>a</sup> -> Texas Southern U.,All institutions<sup>a</sup>,Texas Southern U.,2,437,151,151,0,0,394,120,120,0,0,452,31,31,0,0
10646,r439,All institutions<sup>a</sup> -> Western Connecticut State U.,All institutions<sup>a</sup>,Western Connecticut State U.,2,437,151,151,0,0,598,12,12,0,0,260,139,139,0,0
10646,r440,"All institutions<sup>a</sup> -> CUNY, Lehman C.",All institutions<sup>a</sup>,"CUNY, Lehman C.",2,439,150,47,0,103,433,89,7,0,82,391,61,40,0,21
10646,r441,All institutions<sup>a</sup> -> Louisiana Tech U.,All institutions<sup>a</sup>,Louisiana Tech U.,2,440,147,84,24,39,390,121,68,14,39,466,26,16,10,0
10646,r442,All institutions<sup>a</sup> -> Western Carolina U.,All institutions<sup>a</sup>,Western Carolina U.,2,441,146,85,0,61,376,136,75,0,61,554,10,10,0,0
10646,r443,All institutions<sup>a</sup> -> Fayetteville State U.,All institutions<sup>a</sup>,Fayetteville State U.,2,442,141,121,0,20,464,71,60,0,11,368,70,61,0,9
10646,r444,All institutions<sup>a</sup> -> U. Dallas,All institutions<sup>a</sup>,U. Dallas,2,442,141,141,0,0,515,44,44,0,0,315,97,97,0,0
10646,r445,All institutions<sup>a</sup> -> Howard U.,All institutions<sup>a</sup>,Howard U.,2,444,140,82,9,49,399,115,63,7,45,470,25,19,2,4
10646,r446,"All institutions<sup>a</sup> -> U. Michigan, Flint",All institutions<sup>a</sup>,"U. Michigan, Flint",2,444,140,107,0,33,480,63,51,0,12,351,77,56,0,21
10646,r447,All institutions<sup>a</sup> -> U. Wisconsin-Stevens Point,All institutions<sup>a</sup>,U. Wisconsin-Stevens Point,2,446,137,78,0,59,446,78,19,0,59,399,59,59,0,0
10646,r448,"All institutions<sup>a</sup> -> U. Arkansas, Little Rock",All institutions<sup>a</sup>,"U. Arkansas, Little Rock",2,446,137,130,2,5,456,74,72,2,0,385,63,58,0,5
10646,r449,All institutions<sup>a</sup> -> Radford U.,All institutions<sup>a</sup>,Radford U.,2,448,136,72,0,64,390,121,57,0,64,524,15,15,0,0
10646,r450,All institutions<sup>a</sup> -> U. Indianapolis,All institutions<sup>a</sup>,U. Indianapolis,2,448,136,115,0,21,446,78,64,0,14,403,58,51,0,7
10646,r451,All institutions<sup>a</sup> -> Western New England U.,All institutions<sup>a</sup>,Western New England U.,2,450,135,86,49,0,523,40,0,40,0,320,95,86,9,0
10646,r452,All institutions<sup>a</sup> -> Nicholls State U.,All institutions<sup>a</sup>,Nicholls State U.,2,451,133,133,0,0,430,92,92,0,0,432,41,41,0,0
10646,r453,All institutions<sup>a</sup> -> Iona C.,All institutions<sup>a</sup>,Iona C.,2,452,131,67,0,64,390,121,57,0,64,554,10,10,0,0
10646,r454,"All institutions<sup>a</sup> -> St. Mary's U., San Antonio",All institutions<sup>a</sup>,"St. Mary's U., San Antonio",2,453,128,79,49,0,472,67,47,20,0,391,61,32,29,0
10646,r455,"All institutions<sup>a</sup> -> U. Alaska, Anchorage",All institutions<sup>a</sup>,"U. Alaska, Anchorage",2,453,128,74,22,32,514,45,29,5,11,338,83,45,17,21
10646,r456,All institutions<sup>a</sup> -> U. Wisconsin-Platteville,All institutions<sup>a</sup>,U. Wisconsin-Platteville,2,453,128,55,73,0,625,4,2,2,0,279,124,53,71,0
10646,r457,All institutions<sup>a</sup> -> MGH Institute of Health Professions,All institutions<sup>a</sup>,MGH Institute of Health Professions,2,456,126,0,0,126,383,126,0,0,126,624,0,0,0,0
10646,r458,All institutions<sup>a</sup> -> Catholic U. of America,All institutions<sup>a</sup>,Catholic U. of America,2,457,124,92,32,0,482,61,47,14,0,385,63,45,18,0
10646,r459,All institutions<sup>a</sup> -> East Stroudsburg U. Pennsylvania,All institutions<sup>a</sup>,East Stroudsburg U. Pennsylvania,2,458,123,28,0,95,410,103,16,0,87,506,20,12,0,8
10646,r460,All institutions<sup>a</sup> -> Lipscomb U.,All institutions<sup>a</sup>,Lipscomb U.,2,458,123,116,0,7,416,99,92,0,7,480,24,24,0,0
10646,r461,All institutions<sup>a</sup> -> Shippensburg U. Pennsylvania,All institutions<sup>a</sup>,Shippensburg U. Pennsylvania,2,460,121,121,0,0,415,100,100,0,0,497,21,21,0,0
10646,r462,"All institutions<sup>a</sup> -> U. Texas, Permian Basin",All institutions<sup>a</sup>,"U. Texas, Permian Basin",2,460,121,97,12,12,444,79,64,7,8,428,42,33,5,4
10646,r463,All institutions<sup>a</sup> -> Norfolk State U.,All institutions<sup>a</sup>,Norfolk State U.,2,460,121,92,29,0,478,64,47,17,0,404,57,45,12,0
10646,r464,All institutions<sup>a</sup> -> Fort Valley State U.,All institutions<sup>a</sup>,Fort Valley State U.,2,463,118,85,0,33,408,106,76,0,30,538,12,9,0,3
10646,r465,All institutions<sup>a</sup> -> Western Colorado U.,All institutions<sup>a</sup>,Western Colorado U.,2,464,117,110,0,7,416,99,94,0,5,513,18,16,0,2
10646,r466,All institutions<sup>a</sup> -> Millersville U. Pennsylvania,All institutions<sup>a</sup>,Millersville U. Pennsylvania,2,465,116,116,0,0,521,41,41,0,0,357,75,75,0,0
10646,r467,All institutions<sup>a</sup> -> Marywood U.,All institutions<sup>a</sup>,Marywood U.,2,466,114,80,0,34,426,93,62,0,31,497,21,18,0,3
10646,r468,All institutions<sup>a</sup> -> Campbell U.,All institutions<sup>a</sup>,Campbell U.,2,467,111,0,0,111,404,111,0,0,111,624,0,0,0,0
10646,r469,"All institutions<sup>a</sup> -> Southern U., New Orleans",All institutions<sup>a</sup>,"Southern U., New Orleans",2,468,110,110,0,0,459,73,73,0,0,437,37,37,0,0
10646,r470,All institutions<sup>a</sup> -> Arcadia U.,All institutions<sup>a</sup>,Arcadia U.,2,468,110,90,0,20,482,61,45,0,16,416,49,45,0,4
10646,r471,All institutions<sup>a</sup> -> Sonoma State U.,All institutions<sup>a</sup>,Sonoma State U.,2,470,109,109,0,0,438,81,81,0,0,460,28,28,0,0
10646,r472,All institutions<sup>a</sup> -> Hawaii Pacific U.,All institutions<sup>a</sup>,Hawaii Pacific U.,2,470,109,72,0,37,456,74,47,0,27,440,35,25,0,10
10646,r473,All institutions<sup>a</sup> -> Pittsburg State U.,All institutions<sup>a</sup>,Pittsburg State U.,2,472,108,108,0,0,421,96,96,0,0,538,12,12,0,0
10646,r474,All institutions<sup>a</sup> -> Slippery Rock U. Pennsylvania,All institutions<sup>a</sup>,Slippery Rock U. Pennsylvania,2,473,107,80,0,27,449,77,54,0,23,455,30,26,0,4
10646,r475,All institutions<sup>a</sup> -> Cameron U.,All institutions<sup>a</sup>,Cameron U.,2,473,107,107,0,0,482,61,61,0,0,419,46,46,0,0
10646,r476,All institutions<sup>a</sup> -> Bloomsburg U. Pennsylvania,All institutions<sup>a</sup>,Bloomsburg U. Pennsylvania,2,475,106,45,0,61,455,75,18,0,57,452,31,27,0,4
10646,r477,"All institutions<sup>a</sup> -> SUNY, Oswego",All institutions<sup>a</sup>,"SUNY, Oswego",2,475,106,48,0,58,478,64,42,0,22,428,42,6,0,36
10646,r478,All institutions<sup>a</sup> -> Dominican U. California,All institutions<sup>a</sup>,Dominican U. California,2,477,105,105,0,0,441,80,80,0,0,470,25,25,0,0
10646,r479,All institutions<sup>a</sup> -> Lincoln Memorial U.,All institutions<sup>a</sup>,Lincoln Memorial U.,2,477,105,105,0,0,468,68,68,0,0,437,37,37,0,0
10646,r480,All institutions<sup>a</sup> -> Frostburg State U.,All institutions<sup>a</sup>,Frostburg State U.,2,479,104,104,0,0,509,47,47,0,0,404,57,57,0,0
10646,r481,All institutions<sup>a</sup> -> Canisius C.,All institutions<sup>a</sup>,Canisius C.,2,479,104,95,0,9,533,36,32,0,4,376,68,63,0,5
10646,r482,All institutions<sup>a</sup> -> Florida Gulf Coast U.,All institutions<sup>a</sup>,Florida Gulf Coast U.,2,481,103,74,13,16,523,40,36,1,3,385,63,38,12,13
10646,r483,All institutions<sup>a</sup> -> Tuskegee U.,All institutions<sup>a</sup>,Tuskegee U.,2,482,101,80,13,8,435,86,68,11,7,524,15,12,2,1
10646,r484,All institutions<sup>a</sup> -> Worcester State U.,All institutions<sup>a</sup>,Worcester State U.,2,482,101,28,0,73,494,56,5,0,51,424,45,23,0,22
10646,r485,All institutions<sup>a</sup> -> Molloy C.,All institutions<sup>a</sup>,Molloy C.,2,484,100,19,0,81,426,93,14,0,79,574,7,5,0,2
10646,r486,All institutions<sup>a</sup> -> Icahn School of Medicine at Mt. Sinai,All institutions<sup>a</sup>,Icahn School of Medicine at Mt. Sinai,2,485,99,99,0,0,416,99,99,0,0,624,0,0,0,0
10646,r487,"All institutions<sup>a</sup> -> Inter American U. Puerto Rico, San German",All institutions<sup>a</sup>,"Inter American U. Puerto Rico, San German",2,485,99,99,0,0,459,73,73,0,0,466,26,26,0,0
10646,r488,All institutions<sup>a</sup> -> U. Wisconsin-Green Bay,All institutions<sup>a</sup>,U. Wisconsin-Green Bay,2,485,99,99,0,0,566,24,24,0,0,357,75,75,0,0
10646,r489,All institutions<sup>a</sup> -> U. Texas Medical Branch,All institutions<sup>a</sup>,U. Texas Medical Branch,2,485,99,94,0,5,573,23,22,0,1,354,76,72,0,4
10646,r490,All institutions<sup>a</sup> -> Texas A&M U.-Central Texas,All institutions<sup>a</sup>,Texas A&M U.-Central Texas,2,489,98,98,0,0,640,1,1,0,0,315,97,97,0,0
10646,r491,All institutions<sup>a</sup> -> Lindenwood U.,All institutions<sup>a</sup>,Lindenwood U.,2,490,97,59,0,38,446,78,49,0,29,508,19,10,0,9
10646,r492,All institutions<sup>a</sup> -> Alcorn State U.,All institutions<sup>a</sup>,Alcorn State U.,2,490,97,97,0,0,504,50,50,0,0,418,47,47,0,0
10646,r493,"All institutions<sup>a</sup> -> Des Moines U., Osteopathic Medical Center",All institutions<sup>a</sup>,"Des Moines U., Osteopathic Medical Center",2,490,97,35,0,62,552,28,26,0,2,373,69,9,0,60
10646,r494,All institutions<sup>a</sup> -> Northern Michigan U.,All institutions<sup>a</sup>,Northern Michigan U.,2,493,96,78,0,18,475,66,52,0,14,455,30,26,0,4
10646,r495,All institutions<sup>a</sup> -> U. Wisconsin-Oshkosh,All institutions<sup>a</sup>,U. Wisconsin-Oshkosh,2,493,96,96,0,0,643,0,0,0,0,319,96,96,0,0
10646,r496,All institutions<sup>a</sup> -> Framingham State U.,All institutions<sup>a</sup>,Framingham State U.,2,495,95,95,0,0,614,8,8,0,0,327,87,87,0,0
10646,r497,"All institutions<sup>a</sup> -> U. Hawaii, Hilo",All institutions<sup>a</sup>,"U. Hawaii, Hilo",2,496,94,94,0,0,472,67,67,0,0,463,27,27,0,0
10646,r498,All institutions<sup>a</sup> -> U. Guam,All institutions<sup>a</sup>,U. Guam,2,496,94,94,0,0,558,26,26,0,0,376,68,68,0,0
10646,r499,"All institutions<sup>a</sup> -> U. Tennessee, Health Science Center",All institutions<sup>a</sup>,"U. Tennessee, Health Science Center",2,498,92,44,6,42,431,91,43,6,42,611,1,1,0,0
10646,r500,All institutions<sup>a</sup> -> Emory U.,All institutions<sup>a</sup>,Emory U.,2,498,92,56,0,36,466,69,54,0,15,483,23,2,0,21
10646,r501,All institutions<sup>a</sup> -> Arkansas Tech U.,All institutions<sup>a</sup>,Arkansas Tech U.,2,498,92,84,8,0,511,46,39,7,0,419,46,45,1,0
10646,r502,"All institutions<sup>a</sup> -> CUNY, C. Staten Island",All institutions<sup>a</sup>,"CUNY, C. Staten Island",2,501,91,80,11,0,604,10,9,1,0,341,81,71,10,0
10646,r503,All institutions<sup>a</sup> -> Mississippi U. for Women,All institutions<sup>a</sup>,Mississippi U. for Women,2,502,88,11,0,77,468,68,0,0,68,506,20,11,0,9
10646,r504,All institutions<sup>a</sup> -> Wayland Baptist U.,All institutions<sup>a</sup>,Wayland Baptist U.,2,503,87,87,0,0,494,56,56,0,0,452,31,31,0,0
10646,r505,All institutions<sup>a</sup> -> Sul Ross State U.,All institutions<sup>a</sup>,Sul Ross State U.,2,503,87,66,0,21,542,32,32,0,0,409,55,34,0,21
10646,r506,All institutions<sup>a</sup> -> Indiana Institute of Technology,All institutions<sup>a</sup>,Indiana Institute of Technology,2,505,86,85,0,1,444,79,78,0,1,574,7,7,0,0
10646,r507,All institutions<sup>a</sup> -> U. of the Incarnate Word,All institutions<sup>a</sup>,U. of the Incarnate Word,2,505,86,64,0,22,453,76,59,0,17,554,10,5,0,5
10646,r508,All institutions<sup>a</sup> -> Bridgewater State U.,All institutions<sup>a</sup>,Bridgewater State U.,2,505,86,86,0,0,500,52,52,0,0,442,34,34,0,0
10646,r509,All institutions<sup>a</sup> -> Robert Morris U.,All institutions<sup>a</sup>,Robert Morris U.,2,505,86,86,0,0,643,0,0,0,0,330,86,86,0,0
10646,r510,All institutions<sup>a</sup> -> Salus U.,All institutions<sup>a</sup>,Salus U.,2,509,83,1,0,82,438,81,1,0,80,603,2,0,0,2
10646,r511,All institutions<sup>a</sup> -> Florida Polytechnic U.,All institutions<sup>a</sup>,Florida Polytechnic U.,2,510,82,41,41,0,488,59,30,29,0,483,23,11,12,0
10646,r512,All institutions<sup>a</sup> -> Creighton U.,All institutions<sup>a</sup>,Creighton U.,2,510,82,28,0,54,493,57,26,0,31,470,25,2,0,23
10646,r513,All institutions<sup>a</sup> -> New Mexico Highlands U.,All institutions<sup>a</sup>,New Mexico Highlands U.,2,512,81,81,0,0,502,51,51,0,0,455,30,30,0,0
10646,r514,All institutions<sup>a</sup> -> Lake Erie C. of Osteopathic Medicine,All institutions<sup>a</sup>,Lake Erie C. of Osteopathic Medicine,2,513,80,11,0,69,441,80,11,0,69,624,0,0,0,0
10646,r515,"All institutions<sup>a</sup> -> U. Nebraska, Medical Center",All institutions<sup>a</sup>,"U. Nebraska, Medical Center",2,513,80,74,0,6,500,52,46,0,6,460,28,28,0,0
10646,r516,All institutions<sup>a</sup> -> Evergreen State C.,All institutions<sup>a</sup>,Evergreen State C.,2,515,79,79,0,0,468,68,68,0,0,546,11,11,0,0
10646,r517,All institutions<sup>a</sup> -> Texas A&M International U.,All institutions<sup>a</sup>,Texas A&M International U.,2,515,79,79,0,0,566,24,24,0,0,409,55,55,0,0
10646,r518,All institutions<sup>a</sup> -> Charles R. Drew U. of Medicine and Science,All institutions<sup>a</sup>,Charles R. Drew U. of Medicine and Science,2,517,76,33,0,43,466,69,28,0,41,574,7,5,0,2
10646,r519,All institutions<sup>a</sup> -> Hampton U.,All institutions<sup>a</sup>,Hampton U.,2,518,75,36,0,39,462,72,34,0,38,597,3,2,0,1
10646,r520,All institutions<sup>a</sup> -> U. West Alabama,All institutions<sup>a</sup>,U. West Alabama,2,518,75,75,0,0,475,66,66,0,0,567,9,9,0,0
10646,r521,"All institutions<sup>a</sup> -> Minnesota State U., Moorhead",All institutions<sup>a</sup>,"Minnesota State U., Moorhead",2,518,75,27,0,48,480,63,15,0,48,538,12,12,0,0
10646,r522,All institutions<sup>a</sup> -> Niagara U.,All institutions<sup>a</sup>,Niagara U.,2,521,74,74,0,0,509,47,47,0,0,463,27,27,0,0
10646,r523,"All institutions<sup>a</sup> -> U. California, San Francisco",All institutions<sup>a</sup>,"U. California, San Francisco",2,522,72,0,17,55,462,72,0,17,55,624,0,0,0,0
10646,r524,All institutions<sup>a</sup> -> St. Thomas U.,All institutions<sup>a</sup>,St. Thomas U.,2,522,72,61,0,11,482,61,50,0,11,546,11,11,0,0
10646,r525,"All institutions<sup>a</sup> -> SUNY, C. Brockport",All institutions<sup>a</sup>,"SUNY, C. Brockport",2,524,71,53,0,18,516,43,32,0,11,460,28,21,0,7
10646,r526,All institutions<sup>a</sup> -> Medical U. South Carolina,All institutions<sup>a</sup>,Medical U. South Carolina,2,524,71,35,0,36,519,42,35,0,7,459,29,0,0,29
10646,r527,"All institutions<sup>a</sup> -> Mayo Clinic, Mayo Graduate School",All institutions<sup>a</sup>,"Mayo Clinic, Mayo Graduate School",2,524,71,63,3,5,643,0,0,0,0,367,71,63,3,5
10646,r528,"All institutions<sup>a</sup> -> U. Maryland, Eastern Shore",All institutions<sup>a</sup>,"U. Maryland, Eastern Shore",2,527,69,68,0,1,548,30,29,0,1,435,39,39,0,0
10646,r529,All institutions<sup>a</sup> -> Truman State U.,All institutions<sup>a</sup>,Truman State U.,2,528,68,29,0,39,499,53,21,0,32,524,15,8,0,7
10646,r530,All institutions<sup>a</sup> -> Metropolitan State U.,All institutions<sup>a</sup>,Metropolitan State U.,2,528,68,62,0,6,586,16,10,0,6,413,52,52,0,0
10646,r531,All institutions<sup>a</sup> -> Southern Nazarene U.,All institutions<sup>a</sup>,Southern Nazarene U.,2,530,67,67,0,0,472,67,67,0,0,624,0,0,0,0
10646,r532,All institutions<sup>a</sup> -> Roger Williams U.,All institutions<sup>a</sup>,Roger Williams U.,2,531,65,65,0,0,497,54,54,0,0,546,11,11,0,0
10646,r533,All institutions<sup>a</sup> -> Mercyhurst U.,All institutions<sup>a</sup>,Mercyhurst U.,2,531,65,65,0,0,505,49,49,0,0,520,16,16,0,0
10646,r534,All institutions<sup>a</sup> -> Jackson State U.,All institutions<sup>a</sup>,Jackson State U.,2,531,65,40,25,0,519,42,28,14,0,483,23,12,11,0
10646,r535,All institutions<sup>a</sup> -> DeSales U.,All institutions<sup>a</sup>,DeSales U.,2,531,65,43,0,22,542,32,11,0,21,447,33,32,0,1
10646,r536,"All institutions<sup>a</sup> -> California State U., Bakersfield",All institutions<sup>a</sup>,"California State U., Bakersfield",2,535,63,63,0,0,523,40,40,0,0,483,23,23,0,0
10646,r537,All institutions<sup>a</sup> -> Duquesne U.,All institutions<sup>a</sup>,Duquesne U.,2,536,62,61,0,1,523,40,39,0,1,492,22,22,0,0
10646,r538,All institutions<sup>a</sup> -> U. Montevallo,All institutions<sup>a</sup>,U. Montevallo,2,537,61,0,0,61,491,58,0,0,58,597,3,0,0,3
10646,r539,All institutions<sup>a</sup> -> Plymouth State U.,All institutions<sup>a</sup>,Plymouth State U.,2,537,61,44,0,17,502,51,41,0,10,554,10,3,0,7
10646,r540,All institutions<sup>a</sup> -> Gonzaga U.,All institutions<sup>a</sup>,Gonzaga U.,2,537,61,33,28,0,533,36,25,11,0,470,25,8,17,0
10646,r541,All institutions<sup>a</sup> -> Palo Alto U.,All institutions<sup>a</sup>,Palo Alto U.,2,537,61,61,0,0,643,0,0,0,0,391,61,61,0,0
10646,r542,All institutions<sup>a</sup> -> California U. of Science and Medicine,All institutions<sup>a</sup>,California U. of Science and Medicine,2,541,60,60,0,0,486,60,60,0,0,624,0,0,0,0
10646,r543,All institutions<sup>a</sup> -> U. Pennsylvania,All institutions<sup>a</sup>,U. Pennsylvania,2,542,59,59,0,0,505,49,49,0,0,554,10,10,0,0
10646,r544,All institutions<sup>a</sup> -> Kettering U.,All institutions<sup>a</sup>,Kettering U.,2,542,59,0,59,0,537,35,0,35,0,480,24,0,24,0
10646,r545,"All institutions<sup>a</sup> -> SUNY, C. Cortland",All institutions<sup>a</sup>,"SUNY, C. Cortland",2,542,59,0,0,59,538,34,0,0,34,470,25,0,0,25
10646,r546,All institutions<sup>a</sup> -> Virginia State U.,All institutions<sup>a</sup>,Virginia State U.,2,545,58,58,0,0,541,33,33,0,0,470,25,25,0,0
10646,r547,All institutions<sup>a</sup> -> Coastal Carolina U.,All institutions<sup>a</sup>,Coastal Carolina U.,2,545,58,58,0,0,558,26,26,0,0,451,32,32,0,0
10646,r548,All institutions<sup>a</sup> -> U. del Turabo,All institutions<sup>a</sup>,U. del Turabo,2,547,56,50,6,0,494,56,50,6,0,624,0,0,0,0
10646,r549,All institutions<sup>a</sup> -> Medical C. Wisconsin,All institutions<sup>a</sup>,Medical C. Wisconsin,2,548,54,13,0,41,579,20,4,0,16,442,34,9,0,25
10646,r550,All institutions<sup>a</sup> -> U. of Saint Mary,All institutions<sup>a</sup>,U. of Saint Mary,2,549,53,53,0,0,505,49,49,0,0,591,4,4,0,0
10646,r551,All institutions<sup>a</sup> -> Springfield C.,All institutions<sup>a</sup>,Springfield C.,2,550,52,43,0,9,511,46,40,0,6,578,6,3,0,3
10646,r552,All institutions<sup>a</sup> -> Clark Atlanta U.,All institutions<sup>a</sup>,Clark Atlanta U.,2,550,52,52,0,0,538,34,34,0,0,513,18,18,0,0
10646,r553,"All institutions<sup>a</sup> -> Louisiana State U., Shreveport",All institutions<sup>a</sup>,"Louisiana State U., Shreveport",2,552,50,50,0,0,552,28,28,0,0,492,22,22,0,0
10646,r554,All institutions<sup>a</sup> -> U. of the Virgin Islands,All institutions<sup>a</sup>,U. of the Virgin Islands,2,553,49,49,0,0,508,48,48,0,0,611,1,1,0,0
10646,r555,All institutions<sup>a</sup> -> South Carolina State U.,All institutions<sup>a</sup>,South Carolina State U.,2,553,49,0,0,49,511,46,0,0,46,597,3,0,0,3
10646,r556,"All institutions<sup>a</sup> -> SUNY, Fredonia",All institutions<sup>a</sup>,"SUNY, Fredonia",2,555,48,12,0,36,516,43,7,0,36,581,5,5,0,0
10646,r557,All institutions<sup>a</sup> -> Winthrop U.,All institutions<sup>a</sup>,Winthrop U.,2,555,48,48,0,0,516,43,43,0,0,581,5,5,0,0
10646,r558,"All institutions<sup>a</sup> -> U. Arkansas, Pine Bluff",All institutions<sup>a</sup>,"U. Arkansas, Pine Bluff",2,555,48,48,0,0,542,32,32,0,0,520,16,16,0,0
10646,r559,All institutions<sup>a</sup> -> Cooper Union for the Advancement of Science and Art,All institutions<sup>a</sup>,Cooper Union for the Advancement of Science and Art,2,555,48,0,48,0,562,25,0,25,0,483,23,0,23,0
10646,r560,All institutions<sup>a</sup> -> Georgia C. and State U.,All institutions<sup>a</sup>,Georgia C. and State U.,2,559,47,18,0,29,552,28,16,0,12,508,19,2,0,17
10646,r561,All institutions<sup>a</sup> -> Oregon Institute of Technology,All institutions<sup>a</sup>,Oregon Institute of Technology,2,559,47,16,31,0,566,24,13,11,0,483,23,3,20,0
10646,r562,All institutions<sup>a</sup> -> Ithaca C.,All institutions<sup>a</sup>,Ithaca C.,2,561,46,46,0,0,531,37,37,0,0,567,9,9,0,0
10646,r563,"All institutions<sup>a</sup> -> SUNY, C. Plattsburgh",All institutions<sup>a</sup>,"SUNY, C. Plattsburgh",2,562,45,45,0,0,548,30,30,0,0,524,15,15,0,0
10646,r564,All institutions<sup>a</sup> -> Suffolk U.,All institutions<sup>a</sup>,Suffolk U.,2,563,44,36,0,8,562,25,22,0,3,508,19,14,0,5
10646,r565,All institutions<sup>a</sup> -> Loras C.,All institutions<sup>a</sup>,Loras C.,2,564,43,43,0,0,528,38,38,0,0,581,5,5,0,0
10646,r566,All institutions<sup>a</sup> -> Albert Einstein C. of Medicine,All institutions<sup>a</sup>,Albert Einstein C. of Medicine,2,565,41,0,0,41,521,41,0,0,41,624,0,0,0,0
10646,r567,All institutions<sup>a</sup> -> Bard C.,All institutions<sup>a</sup>,Bard C.,2,565,41,41,0,0,533,36,36,0,0,581,5,5,0,0
10646,r568,All institutions<sup>a</sup> -> U. of Mary Hardin Baylor,All institutions<sup>a</sup>,U. of Mary Hardin Baylor,2,565,41,41,0,0,533,36,36,0,0,581,5,5,0,0
10646,r569,All institutions<sup>a</sup> -> Christopher Newport U.,All institutions<sup>a</sup>,Christopher Newport U.,2,565,41,41,0,0,574,22,22,0,0,508,19,19,0,0
10646,r570,All institutions<sup>a</sup> -> Butler U.,All institutions<sup>a</sup>,Butler U.,2,565,41,40,0,1,643,0,0,0,0,432,41,40,0,1
10646,r571,"All institutions<sup>a</sup> -> Northeastern Ohio Universities, C. of Medicine",All institutions<sup>a</sup>,"Northeastern Ohio Universities, C. of Medicine",2,570,40,17,0,23,547,31,17,0,14,567,9,0,0,9
10646,r572,"All institutions<sup>a</sup> -> Lincoln U., Jefferson City",All institutions<sup>a</sup>,"Lincoln U., Jefferson City",2,571,39,39,0,0,581,18,18,0,0,497,21,21,0,0
10646,r573,All institutions<sup>a</sup> -> San Juan Bautista School of Medicine,All institutions<sup>a</sup>,San Juan Bautista School of Medicine,2,572,38,0,0,38,528,38,0,0,38,624,0,0,0,0
10646,r574,All institutions<sup>a</sup> -> Wesleyan U.,All institutions<sup>a</sup>,Wesleyan U.,2,572,38,38,0,0,528,38,38,0,0,624,0,0,0,0
10646,r575,All institutions<sup>a</sup> -> Fisk U.,All institutions<sup>a</sup>,Fisk U.,2,572,38,38,0,0,531,37,37,0,0,611,1,1,0,0
10646,r576,All institutions<sup>a</sup> -> Widener U.,All institutions<sup>a</sup>,Widener U.,2,572,38,0,38,0,556,27,0,27,0,546,11,0,11,0
10646,r577,All institutions<sup>a</sup> -> Delaware State U.<sup>e</sup>,All institutions<sup>a</sup>,Delaware State U.<sup>e</sup>,2,576,37,29,0,8,542,32,26,0,6,581,5,3,0,2
10646,r578,"All institutions<sup>a</sup> -> Inter American U. Puerto Rico, Fajardo",All institutions<sup>a</sup>,"Inter American U. Puerto Rico, Fajardo",2,576,37,37,0,0,640,1,1,0,0,439,36,36,0,0
10646,r579,All institutions<sup>a</sup> -> Gallaudet U.,All institutions<sup>a</sup>,Gallaudet U.,2,578,36,0,0,36,538,34,0,0,34,603,2,0,0,2
10646,r580,All institutions<sup>a</sup> -> Aurora U.,All institutions<sup>a</sup>,Aurora U.,2,578,36,6,0,30,591,14,0,0,14,492,22,6,0,16
10646,r581,All institutions<sup>a</sup> -> Smith C.,All institutions<sup>a</sup>,Smith C.,2,580,35,7,0,28,548,30,2,0,28,581,5,5,0,0
10646,r582,"All institutions<sup>a</sup> -> U. California, Merced",All institutions<sup>a</sup>,"U. California, Merced",2,581,34,11,23,0,542,32,11,21,0,603,2,0,2,0
10646,r583,"All institutions<sup>a</sup> -> U. South Carolina, Aiken",All institutions<sup>a</sup>,"U. South Carolina, Aiken",2,582,33,33,0,0,551,29,29,0,0,591,4,4,0,0
10646,r584,All institutions<sup>a</sup> -> Bethune-Cookman U.,All institutions<sup>a</sup>,Bethune-Cookman U.,2,582,33,25,0,8,552,28,20,0,8,581,5,5,0,0
10646,r585,All institutions<sup>a</sup> -> Seattle Pacific U.,All institutions<sup>a</sup>,Seattle Pacific U.,2,582,33,33,0,0,576,21,21,0,0,538,12,12,0,0
10646,r586,All institutions<sup>a</sup> -> Kentucky State U.,All institutions<sup>a</sup>,Kentucky State U.,2,582,33,33,0,0,581,18,18,0,0,524,15,15,0,0
10646,r587,All institutions<sup>a</sup> -> Andrews U.,All institutions<sup>a</sup>,Andrews U.,2,582,33,7,0,26,598,12,7,0,5,497,21,0,0,21
10646,r588,"All institutions<sup>a</sup> -> California State U., Stanislaus",All institutions<sup>a</sup>,"California State U., Stanislaus",2,587,30,30,0,0,587,15,15,0,0,524,15,15,0,0
10646,r589,All institutions<sup>a</sup> -> Saint Martin's U.,All institutions<sup>a</sup>,Saint Martin's U.,2,588,29,17,12,0,574,22,13,9,0,574,7,4,3,0
10646,r590,All institutions<sup>a</sup> -> Northwestern State U. Louisiana,All institutions<sup>a</sup>,Northwestern State U. Louisiana,2,588,29,29,0,0,576,21,21,0,0,571,8,8,0,0
10646,r591,All institutions<sup>a</sup> -> Bowie State U.,All institutions<sup>a</sup>,Bowie State U.,2,588,29,29,0,0,587,15,15,0,0,533,14,14,0,0
10646,r592,"All institutions<sup>a</sup> -> U. Arkansas, Monticello",All institutions<sup>a</sup>,"U. Arkansas, Monticello",2,588,29,29,0,0,625,4,4,0,0,470,25,25,0,0
10646,r593,All institutions<sup>a</sup> -> Western U. of Health Sciences,All institutions<sup>a</sup>,Western U. of Health Sciences,2,592,28,12,0,16,566,24,10,0,14,591,4,2,0,2
10646,r594,All institutions<sup>a</sup> -> LeTourneau U.,All institutions<sup>a</sup>,LeTourneau U.,2,592,28,23,5,0,625,4,2,2,0,480,24,21,3,0
10646,r595,All institutions<sup>a</sup> -> Bucknell U.,All institutions<sup>a</sup>,Bucknell U.,2,594,27,17,10,0,556,27,17,10,0,624,0,0,0,0
10646,r596,All institutions<sup>a</sup> -> Savannah State U.,All institutions<sup>a</sup>,Savannah State U.,2,594,27,27,0,0,562,25,25,0,0,603,2,2,0,0
10646,r597,All institutions<sup>a</sup> -> Morehead State U.,All institutions<sup>a</sup>,Morehead State U.,2,594,27,27,0,0,587,15,15,0,0,538,12,12,0,0
10646,r598,All institutions<sup>a</sup> -> Kutztown U. Pennsylvania,All institutions<sup>a</sup>,Kutztown U. Pennsylvania,2,594,27,27,0,0,596,13,13,0,0,533,14,14,0,0
10646,r599,All institutions<sup>a</sup> -> U. Wisconsin-Parkside,All institutions<sup>a</sup>,U. Wisconsin-Parkside,2,594,27,27,0,0,618,6,6,0,0,497,21,21,0,0
10646,r600,"All institutions<sup>a</sup> -> Trinity C., Hartford",All institutions<sup>a</sup>,"Trinity C., Hartford",2,594,27,27,0,0,625,4,4,0,0,483,23,23,0,0
10646,r601,All institutions<sup>a</sup> -> Williams C.,All institutions<sup>a</sup>,Williams C.,2,600,26,26,0,0,558,26,26,0,0,624,0,0,0,0
10646,r602,All institutions<sup>a</sup> -> Vanguard U. of Southern California,All institutions<sup>a</sup>,Vanguard U. of Southern California,2,600,26,26,0,0,562,25,25,0,0,611,1,1,0,0
10646,r603,All institutions<sup>a</sup> -> Xavier U.,All institutions<sup>a</sup>,Xavier U.,2,600,26,26,0,0,581,18,18,0,0,571,8,8,0,0
10646,r604,All institutions<sup>a</sup> -> California Institute of Technology,All institutions<sup>a</sup>,California Institute of Technology,2,603,24,0,24,0,566,24,0,24,0,624,0,0,0,0
10646,r605,All institutions<sup>a</sup> -> Claflin U.,All institutions<sup>a</sup>,Claflin U.,2,603,24,24,0,0,566,24,24,0,0,624,0,0,0,0
10646,r606,All institutions<sup>a</sup> -> Alfred U.,All institutions<sup>a</sup>,Alfred U.,2,603,24,0,24,0,591,14,0,14,0,554,10,0,10,0
10646,r607,All institutions<sup>a</sup> -> John Carroll U.,All institutions<sup>a</sup>,John Carroll U.,2,603,24,24,0,0,596,13,13,0,0,546,11,11,0,0
10646,r608,All institutions<sup>a</sup> -> Alaska Pacific U.,All institutions<sup>a</sup>,Alaska Pacific U.,2,603,24,24,0,0,601,11,11,0,0,535,13,13,0,0
10646,r609,All institutions<sup>a</sup> -> U. Texas Southwestern Medical Center,All institutions<sup>a</sup>,U. Texas Southwestern Medical Center,2,603,24,1,0,23,616,7,1,0,6,517,17,0,0,17
10646,r610,"All institutions<sup>a</sup> -> SUNY, C. of Optometry",All institutions<sup>a</sup>,"SUNY, C. of Optometry",2,603,24,24,0,0,637,2,2,0,0,492,22,22,0,0
10646,r611,All institutions<sup>a</sup> -> Milwaukee School of Engineering,All institutions<sup>a</sup>,Milwaukee School of Engineering,2,610,23,0,23,0,625,4,0,4,0,508,19,0,19,0
10646,r612,All institutions<sup>a</sup> -> Delta State U.,All institutions<sup>a</sup>,Delta State U.,2,611,22,22,0,0,580,19,19,0,0,597,3,3,0,0
10646,r613,"All institutions<sup>a</sup> -> Colorado State U., Pueblo",All institutions<sup>a</sup>,"Colorado State U., Pueblo",2,611,22,16,6,0,598,12,8,4,0,554,10,8,2,0
10646,r614,All institutions<sup>a</sup> -> Georgia Southwestern State U.,All institutions<sup>a</sup>,Georgia Southwestern State U.,2,611,22,22,0,0,625,4,4,0,0,513,18,18,0,0
10646,r615,All institutions<sup>a</sup> -> New England C. of Optometry,All institutions<sup>a</sup>,New England C. of Optometry,2,614,21,21,0,0,576,21,21,0,0,624,0,0,0,0
10646,r616,All institutions<sup>a</sup> -> Drew U.,All institutions<sup>a</sup>,Drew U.,2,614,21,21,0,0,609,9,9,0,0,538,12,12,0,0
10646,r617,All institutions<sup>a</sup> -> Elizabeth City State U.,All institutions<sup>a</sup>,Elizabeth City State U.,2,614,21,21,0,0,614,8,8,0,0,535,13,13,0,0
10646,r618,All institutions<sup>a</sup> -> Fielding Graduate U.,All institutions<sup>a</sup>,Fielding Graduate U.,2,614,21,21,0,0,618,6,6,0,0,524,15,15,0,0
10646,r619,All institutions<sup>a</sup> -> Cedars-Sinai Medical Center,All institutions<sup>a</sup>,Cedars-Sinai Medical Center,2,614,21,21,0,0,643,0,0,0,0,497,21,21,0,0
10646,r620,All institutions<sup>a</sup> -> Rockefeller U.,All institutions<sup>a</sup>,Rockefeller U.,2,619,18,18,0,0,581,18,18,0,0,624,0,0,0,0
10646,r621,All institutions<sup>a</sup> -> Wilkes U.,All institutions<sup>a</sup>,Wilkes U.,2,619,18,3,15,0,591,14,1,13,0,591,4,2,2,0
10646,r622,All institutions<sup>a</sup> -> Salisbury U.,All institutions<sup>a</sup>,Salisbury U.,2,619,18,18,0,0,604,10,10,0,0,571,8,8,0,0
10646,r623,All institutions<sup>a</sup> -> West Virginia State U.,All institutions<sup>a</sup>,West Virginia State U.,2,622,17,17,0,0,585,17,17,0,0,624,0,0,0,0
10646,r624,All institutions<sup>a</sup> -> Memorial Sloan Kettering Cancer Center,All institutions<sup>a</sup>,Memorial Sloan Kettering Cancer Center,2,622,17,17,0,0,643,0,0,0,0,517,17,17,0,0
10646,r625,All institutions<sup>a</sup> -> Point Loma Nazarene U.,All institutions<sup>a</sup>,Point Loma Nazarene U.,2,624,16,16,0,0,625,4,4,0,0,538,12,12,0,0
10646,r626,All institutions<sup>a</sup> -> American Museum of Natural History,All institutions<sup>a</sup>,American Museum of Natural History,2,625,15,15,0,0,587,15,15,0,0,624,0,0,0,0
10646,r627,All institutions<sup>a</sup> -> Mississippi Valley State U.,All institutions<sup>a</sup>,Mississippi Valley State U.,2,625,15,7,0,8,591,14,7,0,7,611,1,0,0,1
10646,r628,All institutions<sup>a</sup> -> Alabama State U.,All institutions<sup>a</sup>,Alabama State U.,2,625,15,15,0,0,601,11,11,0,0,591,4,4,0,0
10646,r629,"All institutions<sup>a</sup> -> Pontifical Catholic U. Puerto Rico, Mayaguez",All institutions<sup>a</sup>,"Pontifical Catholic U. Puerto Rico, Mayaguez",2,625,15,15,0,0,604,10,10,0,0,581,5,5,0,0
10646,r630,"All institutions<sup>a</sup> -> SUNY, Oneonta",All institutions<sup>a</sup>,"SUNY, Oneonta",2,625,15,15,0,0,622,5,5,0,0,554,10,10,0,0
10646,r631,All institutions<sup>a</sup> -> Baylor C. of Medicine,All institutions<sup>a</sup>,Baylor C. of Medicine,2,630,14,0,0,14,591,14,0,0,14,624,0,0,0,0
10646,r632,All institutions<sup>a</sup> -> Albany C. of Pharmacy and Health Sciences,All institutions<sup>a</sup>,Albany C. of Pharmacy and Health Sciences,2,630,14,8,0,6,625,4,3,0,1,554,10,5,0,5
10646,r633,All institutions<sup>a</sup> -> Rhode Island C.,All institutions<sup>a</sup>,Rhode Island C.,2,632,13,13,0,0,634,3,3,0,0,554,10,10,0,0
10646,r634,All institutions<sup>a</sup> -> Southern Oregon U.,All institutions<sup>a</sup>,Southern Oregon U.,2,633,12,12,0,0,601,11,11,0,0,611,1,1,0,0
10646,r635,All institutions<sup>a</sup> -> Winston-Salem State U.,All institutions<sup>a</sup>,Winston-Salem State U.,2,633,12,12,0,0,609,9,9,0,0,597,3,3,0,0
10646,r636,All institutions<sup>a</sup> -> U. Southern Maine,All institutions<sup>a</sup>,U. Southern Maine,2,633,12,12,0,0,637,2,2,0,0,554,10,10,0,0
10646,r637,All institutions<sup>a</sup> -> Rose-Hulman Institute of Technology,All institutions<sup>a</sup>,Rose-Hulman Institute of Technology,2,636,11,0,11,0,609,9,0,9,0,603,2,0,2,0
10646,r638,"All institutions<sup>a</sup> -> Oklahoma State U., Center for Health Sciences",All institutions<sup>a</sup>,"Oklahoma State U., Center for Health Sciences",2,636,11,11,0,0,616,7,7,0,0,591,4,4,0,0
10646,r639,All institutions<sup>a</sup> -> Marietta C.,All institutions<sup>a</sup>,Marietta C.,2,636,11,11,0,0,622,5,5,0,0,578,6,6,0,0
10646,r640,All institutions<sup>a</sup> -> Albany Medical C.,All institutions<sup>a</sup>,Albany Medical C.,2,639,10,10,0,0,604,10,10,0,0,624,0,0,0,0
10646,r641,"All institutions<sup>a</sup> -> U. Massachusetts, Medical School",All institutions<sup>a</sup>,"U. Massachusetts, Medical School",2,639,10,10,0,0,604,10,10,0,0,624,0,0,0,0
10646,r642,All institutions<sup>a</sup> -> Marshall B. Ketchum U.,All institutions<sup>a</sup>,Marshall B. Ketchum U.,2,639,10,10,0,0,609,9,9,0,0,611,1,1,0,0
10646,r643,All institutions<sup>a</sup> -> Wagner C.,All institutions<sup>a</sup>,Wagner C.,2,639,10,10,0,0,609,9,9,0,0,611,1,1,0,0
10646,r644,All institutions<sup>a</sup> -> U.S. Merchant Marine Academy,All institutions<sup>a</sup>,U.S. Merchant Marine Academy,2,639,10,0,10,0,643,0,0,0,0,554,10,0,10,0
10646,r645,"All institutions<sup>a</sup> -> Montana State U., Billings",All institutions<sup>a</sup>,"Montana State U., Billings",2,644,7,7,0,0,618,6,6,0,0,611,1,1,0,0
10646,r646,All institutions<sup>a</sup> -> Black Hills State U.,All institutions<sup>a</sup>,Black Hills State U.,2,645,6,6,0,0,618,6,6,0,0,624,0,0,0,0
10646,r647,All institutions<sup>a</sup> -> U. Portland,All institutions<sup>a</sup>,U. Portland,2,645,6,0,6,0,634,3,0,3,0,597,3,0,3,0
10646,r648,All institutions<sup>a</sup> -> Walla Walla U.,All institutions<sup>a</sup>,Walla Walla U.,2,645,6,6,0,0,643,0,0,0,0,578,6,6,0,0
10646,r649,All institutions<sup>a</sup> -> Pardee RAND Graduate School,All institutions<sup>a</sup>,Pardee RAND Graduate School,2,648,5,5,0,0,622,5,5,0,0,624,0,0,0,0
10646,r650,All institutions<sup>a</sup> -> Bryn Mawr C.,All institutions<sup>a</sup>,Bryn Mawr C.,2,649,4,4,0,0,625,4,4,0,0,624,0,0,0,0
10646,r651,All institutions<sup>a</sup> -> Sitting Bull C.,All institutions<sup>a</sup>,Sitting Bull C.,2,650,3,3,0,0,634,3,3,0,0,624,0,0,0,0
10646,r652,"All institutions<sup>a</sup> -> SUNY, Upstate Medical U.",All institutions<sup>a</sup>,"SUNY, Upstate Medical U.",2,650,3,3,0,0,637,2,2,0,0,611,1,1,0,0
10646,r653,All institutions<sup>a</sup> -> Alderson-Broaddus U.,All institutions<sup>a</sup>,Alderson-Broaddus U.,2,650,3,3,0,0,640,1,1,0,0,603,2,2,0,0
10646,r654,All institutions<sup>a</sup> -> Vermont Technical C.,All institutions<sup>a</sup>,Vermont Technical C.,2,653,2,0,2,0,643,0,0,0,0,603,2,0,2,0
10646,r655,All institutions<sup>a</sup> -> Point Park U.,All institutions<sup>a</sup>,Point Park U.,2,654,1,1,0,0,643,0,0,0,0,611,1,1,0,0
