table_id,row_id,_b_institution_b_full_path,_b_institution_b_level_1,_b_institution_b_level_2,_b_institution_b_hierarchy_depth,field_all_doctoral_students_rank,field_all_doctoral_students_total,field_all_doctoral_students_science,field_all_doctoral_students_engineering,field_all_doctoral_students_health,field_full_time_doctoral_students_rank,field_full_time_doctoral_students_total,field_full_time_doctoral_students_science,field_full_time_doctoral_students_engineering,field_full_time_doctoral_students_health,field_part_time_doctoral_students_rank,field_part_time_doctoral_students_total,field_part_time_doctoral_students_science,field_part_time_doctoral_students_engineering,field_part_time_doctoral_students_health
8281,r001,All institutions<sup>a</sup>,All institutions<sup>a</sup>,,1,-,293543,203988,72924,16631,-,256869,181488,64063,11318,-,36674,22500,8861,5313
8281,r002,All institutions<sup>a</sup> -> U. Michigan,All institutions<sup>a</sup>,U. Michigan,2,1,4811,2849,1710,252,1,4735,2831,1652,252,133,76,18,58,0
8281,r003,"All institutions<sup>a</sup> -> U. Illinois, Urbana-Champaign",All institutions<sup>a</sup>,"U. Illinois, Urbana-Champaign",2,2,4541,2716,1733,92,2,4456,2663,1708,85,126,85,53,25,7
8281,r004,All institutions<sup>a</sup> -> Texas A&M U.,All institutions<sup>a</sup>,Texas A&M U.,2,3,4298,2428,1739,131,5,3826,2163,1552,111,11,472,265,187,20
8281,r005,All institutions<sup>a</sup> -> Purdue U.,All institutions<sup>a</sup>,Purdue U.,2,4,4165,1953,2000,212,18,3264,1647,1428,189,4,901,306,572,23
8281,r006,"All institutions<sup>a</sup> -> U. California, Berkeley",All institutions<sup>a</sup>,"U. California, Berkeley",2,5,4105,3039,1030,36,3,4105,3039,1030,36,349,0,0,0,0
8281,r007,All institutions<sup>a</sup> -> U. Wisconsin-Madison,All institutions<sup>a</sup>,U. Wisconsin-Madison,2,6,4046,2986,779,281,10,3612,2628,743,241,16,434,358,36,40
8281,r008,"All institutions<sup>a</sup> -> U. Texas, Austin",All institutions<sup>a</sup>,"U. Texas, Austin",2,7,3939,2194,1508,237,9,3662,2061,1405,196,33,277,133,103,41
8281,r009,All institutions<sup>a</sup> -> Stanford U.,All institutions<sup>a</sup>,Stanford U.,2,8,3932,2523,1357,52,4,3917,2514,1351,52,261,15,9,6,0
8281,r010,All institutions<sup>a</sup> -> Pennsylvania State U.,All institutions<sup>a</sup>,Pennsylvania State U.,2,9,3856,2477,1280,99,7,3709,2387,1241,81,72,147,90,39,18
8281,r011,"All institutions<sup>a</sup> -> U. California, Los Angeles",All institutions<sup>a</sup>,"U. California, Los Angeles",2,10,3783,2667,935,181,6,3783,2667,935,181,349,0,0,0,0
8281,r012,All institutions<sup>a</sup> -> U. Washington,All institutions<sup>a</sup>,U. Washington,2,11,3754,2576,803,375,12,3561,2481,751,329,57,193,95,52,46
8281,r013,All institutions<sup>a</sup> -> Cornell U.,All institutions<sup>a</sup>,Cornell U.,2,12,3694,2840,854,0,8,3694,2840,854,0,349,0,0,0,0
8281,r014,"All institutions<sup>a</sup> -> U. Maryland, College Park",All institutions<sup>a</sup>,"U. Maryland, College Park",2,13,3653,2527,834,292,13,3435,2404,780,251,49,218,123,54,41
8281,r015,All institutions<sup>a</sup> -> Massachusetts Institute of Technology,All institutions<sup>a</sup>,Massachusetts Institute of Technology,2,14,3577,2037,1540,0,11,3571,2036,1535,0,301,6,1,5,0
8281,r016,All institutions<sup>a</sup> -> U. Colorado,All institutions<sup>a</sup>,U. Colorado,2,15,3526,2417,964,145,21,3160,2220,830,110,22,366,197,134,35
8281,r017,All institutions<sup>a</sup> -> Georgia Institute of Technology,All institutions<sup>a</sup>,Georgia Institute of Technology,2,16,3488,1278,2210,0,17,3265,1213,2052,0,47,223,65,158,0
8281,r018,All institutions<sup>a</sup> -> Johns Hopkins U.,All institutions<sup>a</sup>,Johns Hopkins U.,2,17,3455,2095,834,526,23,2904,1896,830,178,9,551,199,4,348
8281,r019,"All institutions<sup>a</sup> -> U. California, Davis",All institutions<sup>a</sup>,"U. California, Davis",2,18,3402,2707,647,48,14,3378,2695,635,48,229,24,12,12,0
8281,r020,All institutions<sup>a</sup> -> U. Minnesota,All institutions<sup>a</sup>,U. Minnesota,2,19,3394,2418,792,184,20,3203,2287,747,169,58,191,131,45,15
8281,r021,All institutions<sup>a</sup> -> Ohio State U.,All institutions<sup>a</sup>,Ohio State U.,2,20,3375,2154,1012,209,15,3314,2143,969,202,156,61,11,43,7
8281,r022,All institutions<sup>a</sup> -> Harvard U.,All institutions<sup>a</sup>,Harvard U.,2,21,3285,2895,294,96,16,3285,2895,294,96,349,0,0,0,0
8281,r023,"All institutions<sup>a</sup> -> U. California, San Diego",All institutions<sup>a</sup>,"U. California, San Diego",2,21,3285,2304,981,0,19,3234,2287,947,0,168,51,17,34,0
8281,r024,All institutions<sup>a</sup> -> U. Florida,All institutions<sup>a</sup>,U. Florida,2,23,3279,2199,882,198,22,3025,2032,811,182,37,254,167,71,16
8281,r025,All institutions<sup>a</sup> -> Indiana U.,All institutions<sup>a</sup>,Indiana U.,2,24,3044,2801,101,142,38,2077,1951,31,95,2,967,850,70,47
8281,r026,All institutions<sup>a</sup> -> Arizona State U.,All institutions<sup>a</sup>,Arizona State U.,2,25,2975,1962,953,60,34,2188,1421,727,40,5,787,541,226,20
8281,r027,All institutions<sup>a</sup> -> North Carolina State U.,All institutions<sup>a</sup>,North Carolina State U.,2,26,2874,1595,1279,0,26,2642,1494,1148,0,41,232,101,131,0
8281,r028,All institutions<sup>a</sup> -> U. Southern California,All institutions<sup>a</sup>,U. Southern California,2,27,2813,1839,747,227,24,2758,1816,723,219,161,55,23,24,8
8281,r029,All institutions<sup>a</sup> -> Northwestern U.,All institutions<sup>a</sup>,Northwestern U.,2,28,2666,1752,868,46,25,2644,1742,856,46,237,22,10,12,0
8281,r030,All institutions<sup>a</sup> -> Virginia Polytechnic Institute and State U.,All institutions<sup>a</sup>,Virginia Polytechnic Institute and State U.,2,29,2579,1403,1176,0,31,2326,1254,1072,0,38,253,149,104,0
8281,r031,All institutions<sup>a</sup> -> U. Pennsylvania,All institutions<sup>a</sup>,U. Pennsylvania,2,30,2569,1953,616,0,27,2529,1935,594,0,185,40,18,22,0
8281,r032,"All institutions<sup>a</sup> -> U. North Carolina, Chapel Hill",All institutions<sup>a</sup>,"U. North Carolina, Chapel Hill",2,31,2549,2171,108,270,28,2520,2150,106,264,215,29,21,2,6
8281,r033,"All institutions<sup>a</sup> -> Rutgers, State U. New Jersey",All institutions<sup>a</sup>,"Rutgers, State U. New Jersey",2,32,2542,2092,423,27,40,2042,1693,329,20,10,500,399,94,7
8281,r034,All institutions<sup>a</sup> -> Columbia U. in the City of New York,All institutions<sup>a</sup>,Columbia U. in the City of New York,2,33,2518,1801,638,79,30,2463,1775,622,66,161,55,26,16,13
8281,r035,All institutions<sup>a</sup> -> U. Chicago,All institutions<sup>a</sup>,U. Chicago,2,34,2465,2218,247,0,29,2465,2218,247,0,349,0,0,0,0
8281,r036,All institutions<sup>a</sup> -> Michigan State U.,All institutions<sup>a</sup>,Michigan State U.,2,35,2458,1936,464,58,33,2228,1737,437,54,43,230,199,27,4
8281,r037,"All institutions<sup>a</sup> -> U. California, Irvine",All institutions<sup>a</sup>,"U. California, Irvine",2,36,2342,1633,651,58,32,2319,1617,645,57,235,23,16,6,1
8281,r038,All institutions<sup>a</sup> -> U. Pittsburgh,All institutions<sup>a</sup>,U. Pittsburgh,2,37,2282,1523,536,223,35,2182,1469,512,201,114,100,54,24,22
8281,r039,All institutions<sup>a</sup> -> U. Arizona,All institutions<sup>a</sup>,U. Arizona,2,38,2182,1718,303,161,48,1743,1376,250,117,13,439,342,53,44
8281,r040,All institutions<sup>a</sup> -> Princeton U.,All institutions<sup>a</sup>,Princeton U.,2,39,2143,1624,519,0,36,2143,1624,519,0,349,0,0,0,0
8281,r041,All institutions<sup>a</sup> -> Duke U.,All institutions<sup>a</sup>,Duke U.,2,40,2125,1484,596,45,37,2125,1484,596,45,349,0,0,0,0
8281,r042,All institutions<sup>a</sup> -> New York U.,All institutions<sup>a</sup>,New York U.,2,41,2117,1701,304,112,42,1953,1597,273,83,65,164,104,31,29
8281,r043,All institutions<sup>a</sup> -> Boston U.,All institutions<sup>a</sup>,Boston U.,2,42,2115,1435,532,148,39,2065,1412,532,121,170,50,23,0,27
8281,r044,All institutions<sup>a</sup> -> U. Utah,All institutions<sup>a</sup>,U. Utah,2,43,2020,1241,576,203,53,1651,1029,470,152,20,369,212,106,51
8281,r045,All institutions<sup>a</sup> -> Carnegie Mellon U.,All institutions<sup>a</sup>,Carnegie Mellon U.,2,44,2019,1080,939,0,41,1997,1070,927,0,237,22,10,12,0
8281,r046,All institutions<sup>a</sup> -> U. Connecticut,All institutions<sup>a</sup>,U. Connecticut,2,45,2018,1343,551,124,45,1841,1230,504,107,61,177,113,47,17
8281,r047,"All institutions<sup>a</sup> -> U. Massachusetts, Amherst",All institutions<sup>a</sup>,"U. Massachusetts, Amherst",2,46,1990,1508,415,67,52,1712,1311,354,47,32,278,197,61,20
8281,r048,All institutions<sup>a</sup> -> Iowa State U.,All institutions<sup>a</sup>,Iowa State U.,2,47,1950,1310,624,16,65,1330,890,428,12,7,620,420,196,4
8281,r049,"All institutions<sup>a</sup> -> U. Illinois, Chicago",All institutions<sup>a</sup>,"U. Illinois, Chicago",2,48,1934,1127,398,409,56,1512,925,353,234,17,422,202,45,175
8281,r050,All institutions<sup>a</sup> -> U. Georgia,All institutions<sup>a</sup>,U. Georgia,2,49,1933,1673,121,139,46,1830,1585,119,126,104,103,88,2,13
8281,r051,All institutions<sup>a</sup> -> Liberty U.,All institutions<sup>a</sup>,Liberty U.,2,50,1931,1847,18,66,66,1315,1255,16,44,8,616,592,2,22
8281,r052,All institutions<sup>a</sup> -> Yale U.,All institutions<sup>a</sup>,Yale U.,2,51,1926,1492,321,113,43,1910,1479,320,111,258,16,13,1,2
8281,r053,"All institutions<sup>a</sup> -> U. California, Riverside",All institutions<sup>a</sup>,"U. California, Riverside",2,52,1851,1458,393,0,44,1850,1457,393,0,337,1,1,0,0
8281,r054,"All institutions<sup>a</sup> -> U. Tennessee, Knoxville",All institutions<sup>a</sup>,"U. Tennessee, Knoxville",2,53,1849,1101,681,67,93,888,562,288,38,3,961,539,393,29
8281,r055,All institutions<sup>a</sup> -> U. Virginia,All institutions<sup>a</sup>,U. Virginia,2,54,1797,1146,627,24,47,1779,1138,620,21,251,18,8,7,3
8281,r056,"All institutions<sup>a</sup> -> SUNY, Stony Brook U.",All institutions<sup>a</sup>,"SUNY, Stony Brook U.",2,55,1784,1432,318,34,49,1735,1417,294,24,171,49,15,24,10
8281,r057,"All institutions<sup>a</sup> -> U. California, Santa Barbara",All institutions<sup>a</sup>,"U. California, Santa Barbara",2,56,1733,1387,346,0,50,1733,1387,346,0,349,0,0,0,0
8281,r058,"All institutions<sup>a</sup> -> Washington U., Saint Louis",All institutions<sup>a</sup>,"Washington U., Saint Louis",2,57,1725,1274,415,36,51,1722,1272,414,36,318,3,2,1,0
8281,r059,All institutions<sup>a</sup> -> U. Houston,All institutions<sup>a</sup>,U. Houston,2,58,1644,997,545,102,61,1385,830,469,86,35,259,167,76,16
8281,r060,All institutions<sup>a</sup> -> Vanderbilt U.,All institutions<sup>a</sup>,Vanderbilt U.,2,59,1643,1216,379,48,54,1631,1211,373,47,274,12,5,6,1
8281,r061,All institutions<sup>a</sup> -> U. Delaware,All institutions<sup>a</sup>,U. Delaware,2,60,1610,1078,509,23,55,1582,1064,500,18,218,28,14,9,5
8281,r062,"All institutions<sup>a</sup> -> Colorado State U., Fort Collins",All institutions<sup>a</sup>,"Colorado State U., Fort Collins",2,61,1595,1129,450,16,123,574,451,114,9,1,1021,678,336,7
8281,r063,All institutions<sup>a</sup> -> Florida State U.,All institutions<sup>a</sup>,Florida State U.,2,62,1565,1354,195,16,59,1439,1245,180,14,86,126,109,15,2
8281,r064,"All institutions<sup>a</sup> -> SUNY, U. Buffalo",All institutions<sup>a</sup>,"SUNY, U. Buffalo",2,63,1533,1050,362,121,60,1430,994,344,92,104,103,56,18,29
8281,r065,All institutions<sup>a</sup> -> Northeastern U.,All institutions<sup>a</sup>,Northeastern U.,2,64,1507,770,664,73,57,1476,767,641,68,211,31,3,23,5
8281,r066,"All institutions<sup>a</sup> -> U. South Florida, Tampa",All institutions<sup>a</sup>,"U. South Florida, Tampa",2,65,1499,886,392,221,77,1220,763,350,107,31,279,123,42,114
8281,r067,All institutions<sup>a</sup> -> Texas Tech U.,All institutions<sup>a</sup>,Texas Tech U.,2,66,1467,1003,407,57,75,1240,876,316,48,44,227,127,91,9
8281,r068,All institutions<sup>a</sup> -> Auburn U.,All institutions<sup>a</sup>,Auburn U.,2,67,1461,778,627,56,85,1022,499,474,49,13,439,279,153,7
8281,r069,All institutions<sup>a</sup> -> U. Notre Dame,All institutions<sup>a</sup>,U. Notre Dame,2,68,1458,864,594,0,58,1446,857,589,0,274,12,7,5,0
8281,r070,All institutions<sup>a</sup> -> U. Central Florida,All institutions<sup>a</sup>,U. Central Florida,2,69,1453,830,593,30,67,1300,749,535,16,71,153,81,58,14
8281,r071,All institutions<sup>a</sup> -> George Mason U.,All institutions<sup>a</sup>,George Mason U.,2,70,1439,1233,179,27,86,1004,847,138,19,15,435,386,41,8
8281,r072,All institutions<sup>a</sup> -> Louisiana State U.,All institutions<sup>a</sup>,Louisiana State U.,2,71,1428,1063,291,74,70,1273,958,252,63,68,155,105,39,11
8281,r073,All institutions<sup>a</sup> -> U. Iowa,All institutions<sup>a</sup>,U. Iowa,2,72,1421,1066,209,146,76,1221,926,180,115,55,200,140,29,31
8281,r074,All institutions<sup>a</sup> -> Clemson U.,All institutions<sup>a</sup>,Clemson U.,2,73,1414,791,585,38,71,1271,692,546,33,74,143,99,39,5
8281,r075,All institutions<sup>a</sup> -> Oregon State U.,All institutions<sup>a</sup>,Oregon State U.,2,74,1410,956,365,89,68,1297,884,329,84,96,113,72,36,5
8281,r076,All institutions<sup>a</sup> -> Emory U.,All institutions<sup>a</sup>,Emory U.,2,75,1401,1095,227,79,72,1266,1090,98,78,77,135,5,129,1
8281,r077,All institutions<sup>a</sup> -> California Institute of Technology,All institutions<sup>a</sup>,California Institute of Technology,2,76,1384,838,546,0,62,1384,838,546,0,349,0,0,0,0
8281,r078,All institutions<sup>a</sup> -> Rice U.,All institutions<sup>a</sup>,Rice U.,2,77,1375,855,520,0,63,1371,852,519,0,310,4,3,1,0
8281,r079,All institutions<sup>a</sup> -> U. Kansas,All institutions<sup>a</sup>,U. Kansas,2,78,1370,1034,207,129,72,1266,969,192,105,103,104,65,15,24
8281,r080,All institutions<sup>a</sup> -> U. Kentucky,All institutions<sup>a</sup>,U. Kentucky,2,79,1357,977,241,139,69,1280,944,231,105,132,77,33,10,34
8281,r081,All institutions<sup>a</sup> -> U. Rochester,All institutions<sup>a</sup>,U. Rochester,2,80,1355,1108,229,18,64,1348,1101,229,18,296,7,7,0,0
8281,r082,All institutions<sup>a</sup> -> U. Cincinnati,All institutions<sup>a</sup>,U. Cincinnati,2,81,1299,738,371,190,82,1074,658,270,146,45,225,80,101,44
8281,r083,All institutions<sup>a</sup> -> Washington State U.,All institutions<sup>a</sup>,Washington State U.,2,82,1255,887,316,52,79,1162,835,288,39,117,93,52,28,13
8281,r084,All institutions<sup>a</sup> -> Brown U.,All institutions<sup>a</sup>,Brown U.,2,83,1254,1067,148,39,74,1253,1066,148,39,337,1,1,0,0
8281,r085,"All institutions<sup>a</sup> -> U. California, Santa Cruz",All institutions<sup>a</sup>,"U. California, Santa Cruz",2,84,1253,1191,62,0,77,1220,1161,59,0,203,33,30,3,0
8281,r086,All institutions<sup>a</sup> -> U. Nebraska-Lincoln,All institutions<sup>a</sup>,U. Nebraska-Lincoln,2,85,1233,952,281,0,81,1079,838,241,0,70,154,114,40,0
8281,r087,"All institutions<sup>a</sup> -> U. Texas, Dallas",All institutions<sup>a</sup>,"U. Texas, Dallas",2,86,1213,720,469,24,80,1101,661,418,22,97,112,59,51,2
8281,r088,All institutions<sup>a</sup> -> U. South Carolina,All institutions<sup>a</sup>,U. South Carolina,2,87,1171,745,255,171,83,1069,696,229,144,108,102,49,26,27
8281,r089,"All institutions<sup>a</sup> -> U. Missouri, Columbia",All institutions<sup>a</sup>,"U. Missouri, Columbia",2,88,1160,870,189,101,98,826,685,88,53,25,334,185,101,48
8281,r090,All institutions<sup>a</sup> -> George Washington U.,All institutions<sup>a</sup>,George Washington U.,2,88,1160,728,246,186,125,531,379,87,65,6,629,349,159,121
8281,r091,All institutions<sup>a</sup> -> U. New Mexico,All institutions<sup>a</sup>,U. New Mexico,2,90,1123,785,248,90,94,875,628,186,61,39,248,157,62,29
8281,r092,All institutions<sup>a</sup> -> Florida International U.,All institutions<sup>a</sup>,Florida International U.,2,91,1111,753,275,83,84,1054,722,265,67,158,57,31,10,16
8281,r093,"All institutions<sup>a</sup> -> SUNY, Binghamton U.",All institutions<sup>a</sup>,"SUNY, Binghamton U.",2,92,1110,785,300,25,101,796,555,229,12,28,314,230,71,13
8281,r094,All institutions<sup>a</sup> -> West Virginia U.,All institutions<sup>a</sup>,West Virginia U.,2,93,1087,706,219,162,87,955,622,195,138,78,132,84,24,24
8281,r095,All institutions<sup>a</sup> -> U. Oklahoma,All institutions<sup>a</sup>,U. Oklahoma,2,94,1081,793,228,60,88,952,713,193,46,82,129,80,35,14
8281,r096,All institutions<sup>a</sup> -> Wayne State U.,All institutions<sup>a</sup>,Wayne State U.,2,95,1026,730,196,100,90,910,664,163,83,94,116,66,33,17
8281,r097,All institutions<sup>a</sup> -> Georgia State U.,All institutions<sup>a</sup>,Georgia State U.,2,96,983,832,0,151,96,847,757,0,90,76,136,75,0,61
8281,r098,All institutions<sup>a</sup> -> Virginia Commonwealth U.,All institutions<sup>a</sup>,Virginia Commonwealth U.,2,97,978,503,162,313,99,815,416,142,257,66,163,87,20,56
8281,r099,"All institutions<sup>a</sup> -> U. Texas Health Science Center, Houston",All institutions<sup>a</sup>,"U. Texas Health Science Center, Houston",2,98,969,764,36,169,111,671,552,36,83,30,298,212,0,86
8281,r100,All institutions<sup>a</sup> -> Case Western Reserve U.,All institutions<sup>a</sup>,Case Western Reserve U.,2,99,944,555,377,12,89,912,540,360,12,204,32,15,17,0
8281,r101,All institutions<sup>a</sup> -> Mississippi State U.,All institutions<sup>a</sup>,Mississippi State U.,2,100,934,526,383,25,121,578,392,173,13,23,356,134,210,12
8281,r102,"All institutions<sup>a</sup> -> U. Texas, Arlington",All institutions<sup>a</sup>,"U. Texas, Arlington",2,101,931,495,389,47,119,590,297,279,14,24,341,198,110,33
8281,r103,"All institutions<sup>a</sup> -> U. North Texas, Denton",All institutions<sup>a</sup>,"U. North Texas, Denton",2,102,922,753,135,34,124,533,436,80,17,19,389,317,55,17
8281,r104,"All institutions<sup>a</sup> -> U. Alabama, Tuscaloosa",All institutions<sup>a</sup>,"U. Alabama, Tuscaloosa",2,103,920,567,314,39,108,722,476,222,24,56,198,91,92,15
8281,r105,All institutions<sup>a</sup> -> Syracuse U.,All institutions<sup>a</sup>,Syracuse U.,2,104,919,730,175,14,97,846,679,154,13,142,73,51,21,1
8281,r106,All institutions<sup>a</sup> -> U. Miami,All institutions<sup>a</sup>,U. Miami,2,105,913,735,134,44,92,898,725,131,42,261,15,10,3,2
8281,r107,"All institutions<sup>a</sup> -> U. Hawaii, Manoa",All institutions<sup>a</sup>,"U. Hawaii, Manoa",2,106,911,777,103,31,100,802,688,94,20,98,109,89,9,11
8281,r108,"All institutions<sup>a</sup> -> U. California, San Francisco",All institutions<sup>a</sup>,"U. California, San Francisco",2,107,900,735,84,81,91,899,735,84,80,337,1,0,0,1
8281,r109,All institutions<sup>a</sup> -> Temple U.,All institutions<sup>a</sup>,Temple U.,2,108,895,749,106,40,95,864,725,101,38,211,31,24,5,2
8281,r110,"All institutions<sup>a</sup> -> SUNY, U. Albany",All institutions<sup>a</sup>,"SUNY, U. Albany",2,109,880,815,25,40,142,431,406,17,8,12,449,409,8,32
8281,r111,All institutions<sup>a</sup> -> Kansas State U.,All institutions<sup>a</sup>,Kansas State U.,2,110,874,729,135,10,106,748,618,120,10,86,126,111,15,0
8281,r112,"All institutions<sup>a</sup> -> U. Alabama, Birmingham",All institutions<sup>a</sup>,"U. Alabama, Birmingham",2,111,873,698,98,77,105,749,639,66,44,89,124,59,32,33
8281,r113,All institutions<sup>a</sup> -> Tufts U.,All institutions<sup>a</sup>,Tufts U.,2,112,836,639,183,14,102,770,593,163,14,150,66,46,20,0
8281,r114,All institutions<sup>a</sup> -> Oklahoma State U.,All institutions<sup>a</sup>,Oklahoma State U.,2,112,836,640,196,0,112,623,463,160,0,51,213,177,36,0
8281,r115,"All institutions<sup>a</sup> -> U. Nevada, Reno",All institutions<sup>a</sup>,"U. Nevada, Reno",2,114,829,586,221,22,103,765,535,208,22,151,64,51,13,0
8281,r116,"All institutions<sup>a</sup> -> U. Arkansas, Fayetteville",All institutions<sup>a</sup>,"U. Arkansas, Fayetteville",2,115,816,545,268,3,131,495,297,198,0,27,321,248,70,3
8281,r117,All institutions<sup>a</sup> -> U. Wisconsin-Milwaukee,All institutions<sup>a</sup>,U. Wisconsin-Milwaukee,2,116,807,499,134,174,107,743,476,117,150,151,64,23,17,24
8281,r118,All institutions<sup>a</sup> -> Tulane U.,All institutions<sup>a</sup>,Tulane U.,2,117,776,634,78,64,104,757,617,78,62,247,19,17,0,2
8281,r119,All institutions<sup>a</sup> -> Drexel U.,All institutions<sup>a</sup>,Drexel U.,2,118,761,420,305,36,110,672,374,269,29,122,89,46,36,7
8281,r120,All institutions<sup>a</sup> -> Claremont Graduate U.,All institutions<sup>a</sup>,Claremont Graduate U.,2,119,740,639,0,101,128,515,451,0,64,45,225,188,0,37
8281,r121,"All institutions<sup>a</sup> -> U. Maryland, Baltimore County",All institutions<sup>a</sup>,"U. Maryland, Baltimore County",2,120,737,594,143,0,115,610,492,118,0,85,127,102,25,0
8281,r122,"All institutions<sup>a</sup> -> U. Nevada, Las Vegas",All institutions<sup>a</sup>,"U. Nevada, Las Vegas",2,121,713,561,91,61,126,523,435,63,25,59,190,126,28,36
8281,r123,All institutions<sup>a</sup> -> U. Louisville,All institutions<sup>a</sup>,U. Louisville,2,122,695,513,156,26,117,597,441,146,10,115,98,72,10,16
8281,r124,All institutions<sup>a</sup> -> Dartmouth C.,All institutions<sup>a</sup>,Dartmouth C.,2,123,684,550,125,9,109,684,550,125,9,349,0,0,0,0
8281,r125,All institutions<sup>a</sup> -> Colorado School of Mines,All institutions<sup>a</sup>,Colorado School of Mines,2,123,684,221,463,0,116,599,202,397,0,126,85,19,66,0
8281,r126,All institutions<sup>a</sup> -> Old Dominion U.,All institutions<sup>a</sup>,Old Dominion U.,2,125,646,375,234,37,178,278,187,76,15,21,368,188,158,22
8281,r127,All institutions<sup>a</sup> -> Kent State U.,All institutions<sup>a</sup>,Kent State U.,2,126,642,565,6,71,113,615,547,6,62,219,27,18,0,9
8281,r128,"All institutions<sup>a</sup> -> U. North Carolina, Charlotte",All institutions<sup>a</sup>,"U. North Carolina, Charlotte",2,127,641,441,160,40,140,437,309,108,20,54,204,132,52,20
8281,r129,"All institutions<sup>a</sup> -> U. Texas, San Antonio",All institutions<sup>a</sup>,"U. Texas, San Antonio",2,127,641,403,230,8,152,386,246,139,1,36,255,157,91,7
8281,r130,All institutions<sup>a</sup> -> Lehigh U.,All institutions<sup>a</sup>,Lehigh U.,2,129,615,317,298,0,122,575,299,276,0,185,40,18,22,0
8281,r131,"All institutions<sup>a</sup> -> U. California, Merced",All institutions<sup>a</sup>,"U. California, Merced",2,130,612,430,150,32,114,611,430,150,31,337,1,0,0,1
8281,r132,All institutions<sup>a</sup> -> Baylor U.,All institutions<sup>a</sup>,Baylor U.,2,131,609,532,69,8,118,592,517,68,7,254,17,15,1,1
8281,r133,All institutions<sup>a</sup> -> Fielding Graduate U.,All institutions<sup>a</sup>,Fielding Graduate U.,2,132,605,605,0,0,130,503,503,0,0,108,102,102,0,0
8281,r134,"All institutions<sup>a</sup> -> U. Massachusetts, Boston",All institutions<sup>a</sup>,"U. Massachusetts, Boston",2,133,603,508,0,95,151,389,341,0,48,50,214,167,0,47
8281,r135,All institutions<sup>a</sup> -> Baylor C. of Medicine,All institutions<sup>a</sup>,Baylor C. of Medicine,2,134,582,580,0,2,120,582,580,0,2,349,0,0,0,0
8281,r136,All institutions<sup>a</sup> -> Georgetown U.,All institutions<sup>a</sup>,Georgetown U.,2,135,573,568,0,5,133,471,467,0,4,108,102,101,0,1
8281,r137,"All institutions<sup>a</sup> -> U. Texas, El Paso",All institutions<sup>a</sup>,"U. Texas, El Paso",2,136,559,329,198,32,162,352,223,115,14,53,207,106,83,18
8281,r138,"All institutions<sup>a</sup> -> U. Massachusetts, Lowell",All institutions<sup>a</sup>,"U. Massachusetts, Lowell",2,137,557,236,262,59,155,370,167,175,28,60,187,69,87,31
8281,r139,All institutions<sup>a</sup> -> North Dakota State U.,All institutions<sup>a</sup>,North Dakota State U.,2,138,548,386,137,25,153,378,267,91,20,63,170,119,46,5
8281,r140,All institutions<sup>a</sup> -> Missouri U. of Science and Technology,All institutions<sup>a</sup>,Missouri U. of Science and Technology,2,139,536,153,383,0,134,468,141,327,0,149,68,12,56,0
8281,r141,All institutions<sup>a</sup> -> U. Mississippi,All institutions<sup>a</sup>,U. Mississippi,2,140,532,371,36,125,132,493,359,32,102,187,39,12,4,23
8281,r142,All institutions<sup>a</sup> -> Boston C.,All institutions<sup>a</sup>,Boston C.,2,141,519,495,0,24,127,516,493,0,23,318,3,2,0,1
8281,r143,All institutions<sup>a</sup> -> U. Memphis,All institutions<sup>a</sup>,U. Memphis,2,142,516,365,114,37,177,285,208,64,13,42,231,157,50,24
8281,r144,All institutions<sup>a</sup> -> U. Texas Southwestern Medical Center,All institutions<sup>a</sup>,U. Texas Southwestern Medical Center,2,143,515,453,62,0,129,514,452,62,0,337,1,1,0,0
8281,r145,All institutions<sup>a</sup> -> U. Wyoming,All institutions<sup>a</sup>,U. Wyoming,2,144,512,395,117,0,138,453,351,102,0,157,59,44,15,0
8281,r146,All institutions<sup>a</sup> -> Florida Atlantic U.,All institutions<sup>a</sup>,Florida Atlantic U.,2,145,492,352,98,42,191,226,177,39,10,34,266,175,59,32
8281,r147,All institutions<sup>a</sup> -> Texas Woman's U.,All institutions<sup>a</sup>,Texas Woman's U.,2,146,488,245,0,243,263,77,61,0,16,18,411,184,0,227
8281,r148,All institutions<sup>a</sup> -> U. Toledo,All institutions<sup>a</sup>,U. Toledo,2,147,485,321,107,57,159,365,259,66,40,91,120,62,41,17
8281,r149,All institutions<sup>a</sup> -> Michigan Technological U.,All institutions<sup>a</sup>,Michigan Technological U.,2,148,484,237,247,0,146,402,206,196,0,128,82,31,51,0
8281,r150,All institutions<sup>a</sup> -> Utah State U.,All institutions<sup>a</sup>,Utah State U.,2,149,480,354,126,0,207,180,123,57,0,29,300,231,69,0
8281,r151,"All institutions<sup>a</sup> -> U. Nebraska, Medical Center",All institutions<sup>a</sup>,"U. Nebraska, Medical Center",2,150,478,359,0,119,184,255,195,0,60,47,223,164,0,59
8281,r152,All institutions<sup>a</sup> -> Saint Louis U.,All institutions<sup>a</sup>,Saint Louis U.,2,151,476,359,33,84,137,454,343,29,82,237,22,16,4,2
8281,r153,All institutions<sup>a</sup> -> Howard U.,All institutions<sup>a</sup>,Howard U.,2,152,475,411,35,29,160,353,305,27,21,90,122,106,8,8
8281,r154,All institutions<sup>a</sup> -> U. New Hampshire,All institutions<sup>a</sup>,U. New Hampshire,2,153,474,379,95,0,135,464,369,95,0,282,10,10,0,0
8281,r155,All institutions<sup>a</sup> -> Montana State U.,All institutions<sup>a</sup>,Montana State U.,2,154,472,370,102,0,143,427,337,90,0,177,45,33,12,0
8281,r156,All institutions<sup>a</sup> -> U. North Dakota,All institutions<sup>a</sup>,U. North Dakota,2,154,472,201,216,55,173,297,144,127,26,62,175,57,89,29
8281,r157,All institutions<sup>a</sup> -> U. Vermont,All institutions<sup>a</sup>,U. Vermont,2,156,471,404,45,22,144,420,368,40,12,168,51,36,5,10
8281,r158,All institutions<sup>a</sup> -> Worcester Polytechnic Institute,All institutions<sup>a</sup>,Worcester Polytechnic Institute,2,157,470,204,266,0,156,369,161,208,0,113,101,43,58,0
8281,r159,All institutions<sup>a</sup> -> San Diego State U.,All institutions<sup>a</sup>,San Diego State U.,2,158,464,301,66,97,135,464,301,66,97,349,0,0,0,0
8281,r160,"All institutions<sup>a</sup> -> Southern Illinois U., Carbondale",All institutions<sup>a</sup>,"Southern Illinois U., Carbondale",2,159,455,386,69,0,160,353,302,51,0,108,102,84,18,0
8281,r161,All institutions<sup>a</sup> -> New Jersey Institute of Technology,All institutions<sup>a</sup>,New Jersey Institute of Technology,2,160,454,236,218,0,146,402,215,187,0,165,52,21,31,0
8281,r162,All institutions<sup>a</sup> -> Palo Alto U.,All institutions<sup>a</sup>,Palo Alto U.,2,161,451,451,0,0,139,451,451,0,0,349,0,0,0,0
8281,r163,All institutions<sup>a</sup> -> U. Rhode Island,All institutions<sup>a</sup>,U. Rhode Island,2,162,449,305,101,43,150,392,277,84,31,158,57,28,17,12
8281,r164,All institutions<sup>a</sup> -> New Mexico State U.,All institutions<sup>a</sup>,New Mexico State U.,2,162,449,314,120,15,154,375,269,96,10,139,74,45,24,5
8281,r165,All institutions<sup>a</sup> -> Stevens Institute of Technology,All institutions<sup>a</sup>,Stevens Institute of Technology,2,164,448,182,266,0,145,414,174,240,0,199,34,8,26,0
8281,r166,All institutions<sup>a</sup> -> Brandeis U.,All institutions<sup>a</sup>,Brandeis U.,2,165,441,441,0,0,141,435,435,0,0,301,6,6,0,0
8281,r167,All institutions<sup>a</sup> -> Western Michigan U.,All institutions<sup>a</sup>,Western Michigan U.,2,166,427,287,108,32,149,398,276,100,22,215,29,11,8,10
8281,r168,All institutions<sup>a</sup> -> Brigham Young U.,All institutions<sup>a</sup>,Brigham Young U.,2,167,424,262,159,3,249,97,45,51,1,26,327,217,108,2
8281,r169,All institutions<sup>a</sup> -> U. Maine,All institutions<sup>a</sup>,U. Maine,2,168,422,358,64,0,148,401,340,61,0,242,21,18,3,0
8281,r170,All institutions<sup>a</sup> -> Ohio U.,All institutions<sup>a</sup>,Ohio U.,2,169,415,285,106,24,165,339,259,66,14,133,76,26,40,10
8281,r171,All institutions<sup>a</sup> -> U. Idaho,All institutions<sup>a</sup>,U. Idaho,2,170,414,307,107,0,167,312,249,63,0,108,102,58,44,0
8281,r172,All institutions<sup>a</sup> -> U. Southern Mississippi,All institutions<sup>a</sup>,U. Southern Mississippi,2,171,411,258,77,76,170,305,182,73,50,100,106,76,4,26
8281,r173,All institutions<sup>a</sup> -> Illinois Institute of Technology,All institutions<sup>a</sup>,Illinois Institute of Technology,2,172,403,240,163,0,157,367,212,155,0,193,36,28,8,0
8281,r174,All institutions<sup>a</sup> -> Rochester Institute of Technology,All institutions<sup>a</sup>,Rochester Institute of Technology,2,173,398,268,130,0,158,366,246,120,0,204,32,22,10,0
8281,r175,"All institutions<sup>a</sup> -> U. North Carolina, Greensboro",All institutions<sup>a</sup>,"U. North Carolina, Greensboro",2,174,392,215,0,177,215,156,111,0,45,40,236,104,0,132
8281,r176,All institutions<sup>a</sup> -> Southern Methodist U.,All institutions<sup>a</sup>,Southern Methodist U.,2,175,391,271,120,0,163,343,245,98,0,172,48,26,22,0
8281,r177,All institutions<sup>a</sup> -> Portland State U.,All institutions<sup>a</sup>,Portland State U.,2,176,388,350,33,5,182,259,245,13,1,82,129,105,20,4
8281,r178,All institutions<sup>a</sup> -> U. Akron,All institutions<sup>a</sup>,U. Akron,2,177,379,207,169,3,168,309,166,143,0,147,70,41,26,3
8281,r179,All institutions<sup>a</sup> -> Northern Illinois U.,All institutions<sup>a</sup>,Northern Illinois U.,2,178,367,304,5,58,197,206,191,5,10,67,161,113,0,48
8281,r180,All institutions<sup>a</sup> -> Marquette U.,All institutions<sup>a</sup>,Marquette U.,2,179,364,216,116,32,188,250,162,78,10,95,114,54,38,22
8281,r181,All institutions<sup>a</sup> -> New School,All institutions<sup>a</sup>,New School,2,180,360,360,0,0,166,328,328,0,0,204,32,32,0,0
8281,r182,All institutions<sup>a</sup> -> Oakland U.,All institutions<sup>a</sup>,Oakland U.,2,180,360,151,191,18,193,215,109,93,13,73,145,42,98,5
8281,r183,"All institutions<sup>a</sup> -> U. Massachusetts, Medical School",All institutions<sup>a</sup>,"U. Massachusetts, Medical School",2,182,341,341,0,0,164,341,341,0,0,349,0,0,0,0
8281,r184,All institutions<sup>a</sup> -> Florida Institute of Technology,All institutions<sup>a</sup>,Florida Institute of Technology,2,183,325,191,134,0,172,301,178,123,0,229,24,13,11,0
8281,r185,"All institutions<sup>a</sup> -> Columbia U., Teachers C.",All institutions<sup>a</sup>,"Columbia U., Teachers C.",2,183,325,307,0,18,187,251,239,0,12,139,74,68,0,6
8281,r186,All institutions<sup>a</sup> -> Carlos Albizu U.,All institutions<sup>a</sup>,Carlos Albizu U.,2,185,319,319,0,0,174,294,294,0,0,226,25,25,0,0
8281,r187,All institutions<sup>a</sup> -> Scripps Research Institute,All institutions<sup>a</sup>,Scripps Research Institute,2,186,308,308,0,0,169,308,308,0,0,349,0,0,0,0
8281,r188,All institutions<sup>a</sup> -> Bowling Green State U.,All institutions<sup>a</sup>,Bowling Green State U.,2,186,308,304,0,4,194,213,210,0,3,116,95,94,0,1
8281,r189,All institutions<sup>a</sup> -> Oregon Health and Science U.,All institutions<sup>a</sup>,Oregon Health and Science U.,2,188,305,206,74,25,176,291,206,72,13,268,14,0,2,12
8281,r190,All institutions<sup>a</sup> -> Fordham U.,All institutions<sup>a</sup>,Fordham U.,2,189,303,303,0,0,194,213,213,0,0,121,90,90,0,0
8281,r191,All institutions<sup>a</sup> -> Albert Einstein C. of Medicine,All institutions<sup>a</sup>,Albert Einstein C. of Medicine,2,190,302,294,0,8,171,302,294,0,8,349,0,0,0,0
8281,r192,"All institutions<sup>a</sup> -> U. Puerto Rico, Rio Piedras",All institutions<sup>a</sup>,"U. Puerto Rico, Rio Piedras",2,190,302,302,0,0,175,292,292,0,0,282,10,10,0,0
8281,r193,All institutions<sup>a</sup> -> North Carolina Agricultural and Technical State U.,All institutions<sup>a</sup>,North Carolina Agricultural and Technical State U.,2,190,302,101,201,0,209,173,58,115,0,82,129,43,86,0
8281,r194,"All institutions<sup>a</sup> -> U. Louisiana, Lafayette",All institutions<sup>a</sup>,"U. Louisiana, Lafayette",2,193,300,191,90,19,186,252,170,70,12,172,48,21,20,7
8281,r195,All institutions<sup>a</sup> -> Boise State U.,All institutions<sup>a</sup>,Boise State U.,2,194,295,201,94,0,192,216,138,78,0,130,79,63,16,0
8281,r196,All institutions<sup>a</sup> -> Northern Arizona U.,All institutions<sup>a</sup>,Northern Arizona U.,2,195,293,273,20,0,189,249,231,18,0,178,44,42,2,0
8281,r197,All institutions<sup>a</sup> -> U. South Dakota,All institutions<sup>a</sup>,U. South Dakota,2,196,284,148,13,123,208,178,109,10,59,100,106,39,3,64
8281,r198,"All institutions<sup>a</sup> -> U. Texas Health Science Center, San Antonio",All institutions<sup>a</sup>,"U. Texas Health Science Center, San Antonio",2,197,280,194,12,74,199,201,191,3,7,130,79,3,9,67
8281,r199,All institutions<sup>a</sup> -> Morgan State U.,All institutions<sup>a</sup>,Morgan State U.,2,198,273,92,97,84,183,258,88,90,80,261,15,4,7,4
8281,r200,"All institutions<sup>a</sup> -> Mayo Clinic, Mayo Graduate School",All institutions<sup>a</sup>,"Mayo Clinic, Mayo Graduate School",2,199,272,229,43,0,179,272,229,43,0,349,0,0,0,0
8281,r201,All institutions<sup>a</sup> -> Wake Forest U.,All institutions<sup>a</sup>,Wake Forest U.,2,199,272,213,59,0,180,270,211,59,0,325,2,2,0,0
8281,r202,All institutions<sup>a</sup> -> Medical C. Wisconsin,All institutions<sup>a</sup>,Medical C. Wisconsin,2,199,272,200,39,33,185,253,199,38,16,247,19,1,1,17
8281,r203,"All institutions<sup>a</sup> -> U. Alabama, Huntsville",All institutions<sup>a</sup>,"U. Alabama, Huntsville",2,202,271,120,138,13,213,166,94,65,7,102,105,26,73,6
8281,r204,All institutions<sup>a</sup> -> U. Montana,All institutions<sup>a</sup>,U. Montana,2,202,271,257,0,14,223,140,136,0,4,80,131,121,0,10
8281,r205,All institutions<sup>a</sup> -> Rockefeller U.,All institutions<sup>a</sup>,Rockefeller U.,2,204,268,268,0,0,181,268,268,0,0,349,0,0,0,0
8281,r206,"All institutions<sup>a</sup> -> U. Missouri, Kansas City",All institutions<sup>a</sup>,"U. Missouri, Kansas City",2,204,268,177,21,70,276,59,51,2,6,52,209,126,19,64
8281,r207,All institutions<sup>a</sup> -> Pontifical Catholic U. Puerto Rico,All institutions<sup>a</sup>,Pontifical Catholic U. Puerto Rico,2,206,247,247,0,0,260,80,80,0,0,64,167,167,0,0
8281,r208,All institutions<sup>a</sup> -> Loma Linda U.,All institutions<sup>a</sup>,Loma Linda U.,2,207,237,141,0,96,226,134,106,0,28,104,103,35,0,68
8281,r209,All institutions<sup>a</sup> -> Andrews U.,All institutions<sup>a</sup>,Andrews U.,2,208,234,60,0,174,205,182,56,0,126,165,52,4,0,48
8281,r210,All institutions<sup>a</sup> -> Wichita State U.,All institutions<sup>a</sup>,Wichita State U.,2,208,234,103,123,8,251,95,55,40,0,75,139,48,83,8
8281,r211,All institutions<sup>a</sup> -> South Dakota State U.,All institutions<sup>a</sup>,South Dakota State U.,2,210,233,170,43,20,214,159,119,33,7,139,74,51,10,13
8281,r212,"All institutions<sup>a</sup> -> U. Tennessee, Health Science Center",All institutions<sup>a</sup>,"U. Tennessee, Health Science Center",2,211,229,153,0,76,190,228,152,0,76,337,1,1,0,0
8281,r213,All institutions<sup>a</sup> -> A. T. Still U.,All institutions<sup>a</sup>,A. T. Still U.,2,212,228,0,0,228,216,155,0,0,155,142,73,0,0,73
8281,r214,"All institutions<sup>a</sup> -> U. Alaska, Fairbanks",All institutions<sup>a</sup>,"U. Alaska, Fairbanks",2,213,227,211,16,0,247,102,93,9,0,88,125,118,7,0
8281,r215,All institutions<sup>a</sup> -> U. Denver,All institutions<sup>a</sup>,U. Denver,2,214,224,196,28,0,198,204,181,23,0,245,20,15,5,0
8281,r216,All institutions<sup>a</sup> -> U. South Alabama,All institutions<sup>a</sup>,U. South Alabama,2,215,220,184,27,9,205,182,157,17,8,189,38,27,10,1
8281,r217,All institutions<sup>a</sup> -> American U.,All institutions<sup>a</sup>,American U.,2,216,218,218,0,0,199,201,201,0,0,254,17,17,0,0
8281,r218,All institutions<sup>a</sup> -> William and Mary,All institutions<sup>a</sup>,William and Mary,2,216,218,218,0,0,202,198,198,0,0,245,20,20,0,0
8281,r219,All institutions<sup>a</sup> -> Duquesne U.,All institutions<sup>a</sup>,Duquesne U.,2,218,214,104,0,110,201,199,100,0,99,261,15,4,0,11
8281,r220,All institutions<sup>a</sup> -> Icahn School of Medicine at Mt. Sinai,All institutions<sup>a</sup>,Icahn School of Medicine at Mt. Sinai,2,219,208,208,0,0,196,208,208,0,0,349,0,0,0,0
8281,r221,All institutions<sup>a</sup> -> U. Northern Colorado,All institutions<sup>a</sup>,U. Northern Colorado,2,220,202,121,0,81,258,83,65,0,18,93,119,56,0,63
8281,r222,All institutions<sup>a</sup> -> Texas State U.,All institutions<sup>a</sup>,Texas State U.,2,221,195,149,46,0,221,141,107,34,0,163,54,42,12,0
8281,r223,All institutions<sup>a</sup> -> Medical U. South Carolina,All institutions<sup>a</sup>,Medical U. South Carolina,2,222,194,163,0,31,211,172,160,0,12,237,22,3,0,19
8281,r224,All institutions<sup>a</sup> -> Miami U.,All institutions<sup>a</sup>,Miami U.,2,223,192,192,0,0,203,186,186,0,0,301,6,6,0,0
8281,r225,All institutions<sup>a</sup> -> Seton Hall U.,All institutions<sup>a</sup>,Seton Hall U.,2,223,192,92,0,100,303,37,34,0,3,68,155,58,0,97
8281,r226,"All institutions<sup>a</sup> -> U. Missouri, Saint Louis",All institutions<sup>a</sup>,"U. Missouri, Saint Louis",2,225,191,165,0,26,235,119,113,0,6,144,72,52,0,20
8281,r227,"All institutions<sup>a</sup> -> Keiser U., Fort Lauderdale",All institutions<sup>a</sup>,"Keiser U., Fort Lauderdale",2,226,189,189,0,0,237,114,114,0,0,138,75,75,0,0
8281,r228,All institutions<sup>a</sup> -> Idaho State U.,All institutions<sup>a</sup>,Idaho State U.,2,227,186,109,44,33,240,110,76,14,20,133,76,33,30,13
8281,r229,All institutions<sup>a</sup> -> Long Island U.,All institutions<sup>a</sup>,Long Island U.,2,227,186,152,0,34,271,66,54,0,12,91,120,98,0,22
8281,r230,All institutions<sup>a</sup> -> U. Tulsa,All institutions<sup>a</sup>,U. Tulsa,2,229,183,111,72,0,204,183,111,72,0,349,0,0,0,0
8281,r231,"All institutions<sup>a</sup> -> Loyola U., Chicago",All institutions<sup>a</sup>,"Loyola U., Chicago",2,230,179,179,0,0,209,173,173,0,0,301,6,6,0,0
8281,r232,All institutions<sup>a</sup> -> Cleveland State U.,All institutions<sup>a</sup>,Cleveland State U.,2,230,179,103,76,0,220,142,83,59,0,191,37,20,17,0
8281,r233,All institutions<sup>a</sup> -> Dakota State U.,All institutions<sup>a</sup>,Dakota State U.,2,230,179,179,0,0,244,103,103,0,0,133,76,76,0,0
8281,r234,All institutions<sup>a</sup> -> Clarkson U.,All institutions<sup>a</sup>,Clarkson U.,2,233,176,77,99,0,212,171,75,96,0,306,5,2,3,0
8281,r235,All institutions<sup>a</sup> -> Catholic U. of America,All institutions<sup>a</sup>,Catholic U. of America,2,233,176,99,77,0,221,141,74,67,0,197,35,25,10,0
8281,r236,All institutions<sup>a</sup> -> Wright State U.,All institutions<sup>a</sup>,Wright State U.,2,233,176,88,88,0,238,113,63,50,0,155,63,25,38,0
8281,r237,"All institutions<sup>a</sup> -> U. Massachusetts, Dartmouth",All institutions<sup>a</sup>,"U. Massachusetts, Dartmouth",2,236,175,84,66,25,267,72,38,33,1,104,103,46,33,24
8281,r238,All institutions<sup>a</sup> -> U. Arkansas for Medical Sciences,All institutions<sup>a</sup>,U. Arkansas for Medical Sciences,2,237,174,87,0,87,240,110,73,0,37,151,64,14,0,50
8281,r239,All institutions<sup>a</sup> -> Louisiana Tech U.,All institutions<sup>a</sup>,Louisiana Tech U.,2,238,170,100,70,0,230,129,73,56,0,183,41,27,14,0
8281,r240,All institutions<sup>a</sup> -> U. Texas Medical Branch,All institutions<sup>a</sup>,U. Texas Medical Branch,2,239,168,109,0,59,226,134,99,0,35,199,34,10,0,24
8281,r241,"All institutions<sup>a</sup> -> St. John's U., Queens",All institutions<sup>a</sup>,"St. John's U., Queens",2,240,165,75,0,90,253,89,58,0,31,133,76,17,0,59
8281,r242,"All institutions<sup>a</sup> -> U. Puerto Rico, Mayaguez",All institutions<sup>a</sup>,"U. Puerto Rico, Mayaguez",2,241,163,59,104,0,217,153,56,97,0,282,10,3,7,0
8281,r243,"All institutions<sup>a</sup> -> U. Puerto Rico, Medical Sciences Campus",All institutions<sup>a</sup>,"U. Puerto Rico, Medical Sciences Campus",2,241,163,66,0,97,218,150,66,0,84,270,13,0,0,13
8281,r244,All institutions<sup>a</sup> -> U. New Orleans,All institutions<sup>a</sup>,U. New Orleans,2,243,159,99,60,0,244,103,64,39,0,160,56,35,21,0
8281,r245,All institutions<sup>a</sup> -> Adelphi U.,All institutions<sup>a</sup>,Adelphi U.,2,243,159,118,0,41,257,87,87,0,0,144,72,31,0,41
8281,r246,All institutions<sup>a</sup> -> East Carolina U.,All institutions<sup>a</sup>,East Carolina U.,2,245,158,118,0,40,234,122,110,0,12,193,36,8,0,28
8281,r247,"All institutions<sup>a</sup> -> SUNY, C. of Environmental Science and Forestry",All institutions<sup>a</sup>,"SUNY, C. of Environmental Science and Forestry",2,245,158,126,32,0,285,51,44,7,0,99,107,82,25,0
8281,r248,All institutions<sup>a</sup> -> East Tennessee State U.,All institutions<sup>a</sup>,East Tennessee State U.,2,247,157,75,0,82,238,113,62,0,51,178,44,13,0,31
8281,r249,All institutions<sup>a</sup> -> Central Michigan U.,All institutions<sup>a</sup>,Central Michigan U.,2,247,157,157,0,0,272,64,64,0,0,117,93,93,0,0
8281,r250,All institutions<sup>a</sup> -> Rowan U.,All institutions<sup>a</sup>,Rowan U.,2,249,156,67,88,1,240,110,47,62,1,176,46,20,26,0
8281,r251,All institutions<sup>a</sup> -> Montclair State U.,All institutions<sup>a</sup>,Montclair State U.,2,250,154,149,0,5,224,139,134,0,5,261,15,15,0,0
8281,r252,All institutions<sup>a</sup> -> Tennessee Technological U.,All institutions<sup>a</sup>,Tennessee Technological U.,2,251,149,26,123,0,342,19,3,16,0,81,130,23,107,0
8281,r253,All institutions<sup>a</sup> -> U. Dayton,All institutions<sup>a</sup>,U. Dayton,2,252,148,16,132,0,219,148,16,132,0,349,0,0,0,0
8281,r254,All institutions<sup>a</sup> -> Marymount U.,All institutions<sup>a</sup>,Marymount U.,2,252,148,148,0,0,352,16,16,0,0,78,132,132,0,0
8281,r255,All institutions<sup>a</sup> -> Southern U. and A&M C.,All institutions<sup>a</sup>,Southern U. and A&M C.,2,254,146,137,0,9,259,82,79,0,3,151,64,58,0,6
8281,r256,All institutions<sup>a</sup> -> Uniformed Services U. of the Health Sciences,All institutions<sup>a</sup>,Uniformed Services U. of the Health Sciences,2,255,145,117,0,28,225,136,117,0,19,288,9,0,0,9
8281,r257,All institutions<sup>a</sup> -> DePaul U.,All institutions<sup>a</sup>,DePaul U.,2,256,139,139,0,0,292,46,46,0,0,117,93,93,0,0
8281,r258,"All institutions<sup>a</sup> -> CUNY, City C.",All institutions<sup>a</sup>,"CUNY, City C.",2,257,138,0,138,0,228,133,0,133,0,306,5,0,5,0
8281,r259,All institutions<sup>a</sup> -> Pardee RAND Graduate School,All institutions<sup>a</sup>,Pardee RAND Graduate School,2,258,133,133,0,0,228,133,133,0,0,349,0,0,0,0
8281,r260,All institutions<sup>a</sup> -> Barry U.,All institutions<sup>a</sup>,Barry U.,2,258,133,48,0,85,282,52,33,0,19,129,81,15,0,66
8281,r261,All institutions<sup>a</sup> -> Air Force Institute of Technology,All institutions<sup>a</sup>,Air Force Institute of Technology,2,260,130,25,105,0,243,105,21,84,0,226,25,4,21,0
8281,r262,All institutions<sup>a</sup> -> Thomas Jefferson U.,All institutions<sup>a</sup>,Thomas Jefferson U.,2,261,129,129,0,0,230,129,129,0,0,349,0,0,0,0
8281,r263,"All institutions<sup>a</sup> -> SUNY, Upstate Medical U.",All institutions<sup>a</sup>,"SUNY, Upstate Medical U.",2,262,128,128,0,0,232,128,128,0,0,349,0,0,0,0
8281,r264,All institutions<sup>a</sup> -> Villanova U.,All institutions<sup>a</sup>,Villanova U.,2,263,127,0,88,39,260,80,0,61,19,174,47,0,27,20
8281,r265,All institutions<sup>a</sup> -> Embry-Riddle Aeronautical U.,All institutions<sup>a</sup>,Embry-Riddle Aeronautical U.,2,264,126,21,105,0,235,119,16,103,0,296,7,5,2,0
8281,r266,All institutions<sup>a</sup> -> Ball State U.,All institutions<sup>a</sup>,Ball State U.,2,264,126,126,0,0,266,74,74,0,0,165,52,52,0,0
8281,r267,All institutions<sup>a</sup> -> Massachusetts C. of Pharmacy and Health Sciences,All institutions<sup>a</sup>,Massachusetts C. of Pharmacy and Health Sciences,2,264,126,11,0,115,310,33,11,0,22,117,93,0,0,93
8281,r268,All institutions<sup>a</sup> -> Clark U.,All institutions<sup>a</sup>,Clark U.,2,267,125,125,0,0,233,123,123,0,0,325,2,2,0,0
8281,r269,All institutions<sup>a</sup> -> Butler U.,All institutions<sup>a</sup>,Butler U.,2,267,125,0,0,125,305,36,0,0,36,122,89,0,0,89
8281,r270,"All institutions<sup>a</sup> -> SUNY, Downstate Medical Center",All institutions<sup>a</sup>,"SUNY, Downstate Medical Center",2,269,122,47,8,67,282,52,40,7,5,147,70,7,1,62
8281,r271,All institutions<sup>a</sup> -> Hofstra U.,All institutions<sup>a</sup>,Hofstra U.,2,270,115,115,0,0,244,103,103,0,0,274,12,12,0,0
8281,r272,All institutions<sup>a</sup> -> Florida A&M U.,All institutions<sup>a</sup>,Florida A&M U.,2,271,114,49,34,31,248,100,43,31,26,268,14,6,3,5
8281,r273,All institutions<sup>a</sup> -> New Mexico Institute of Mining and Technology,All institutions<sup>a</sup>,New Mexico Institute of Mining and Technology,2,272,112,71,41,0,253,89,62,27,0,235,23,9,14,0
8281,r274,All institutions<sup>a</sup> -> Nova Southeastern U.,All institutions<sup>a</sup>,Nova Southeastern U.,2,273,109,109,0,0,279,56,56,0,0,164,53,53,0,0
8281,r275,All institutions<sup>a</sup> -> Tennessee State U.,All institutions<sup>a</sup>,Tennessee State U.,2,274,107,83,24,0,272,64,53,11,0,181,43,30,13,0
8281,r276,All institutions<sup>a</sup> -> U. Indianapolis,All institutions<sup>a</sup>,U. Indianapolis,2,275,100,0,0,100,356,14,0,0,14,125,86,0,0,86
8281,r277,"All institutions<sup>a</sup> -> U. Michigan, Flint",All institutions<sup>a</sup>,"U. Michigan, Flint",2,276,97,0,0,97,255,88,0,0,88,288,9,0,0,9
8281,r278,"All institutions<sup>a</sup> -> City of Hope, Irell and Manella Graduate School of Biological Sciences",All institutions<sup>a</sup>,"City of Hope, Irell and Manella Graduate School of Biological Sciences",2,277,96,96,0,0,250,96,96,0,0,349,0,0,0,0
8281,r279,All institutions<sup>a</sup> -> National Louis U.,All institutions<sup>a</sup>,National Louis U.,2,277,96,96,0,0,278,58,58,0,0,189,38,38,0,0
8281,r280,All institutions<sup>a</sup> -> South Dakota School of Mines and Technology,All institutions<sup>a</sup>,South Dakota School of Mines and Technology,2,279,95,28,67,0,263,77,19,58,0,251,18,9,9,0
8281,r281,All institutions<sup>a</sup> -> Pace U.,All institutions<sup>a</sup>,Pace U.,2,279,95,58,0,37,285,51,27,0,24,178,44,31,0,13
8281,r282,"All institutions<sup>a</sup> -> Oklahoma State U., Center for Health Sciences",All institutions<sup>a</sup>,"Oklahoma State U., Center for Health Sciences",2,279,95,95,0,0,331,23,23,0,0,144,72,72,0,0
8281,r283,All institutions<sup>a</sup> -> Yeshiva U.,All institutions<sup>a</sup>,Yeshiva U.,2,282,94,94,0,0,270,67,67,0,0,219,27,27,0,0
8281,r284,"All institutions<sup>a</sup> -> U. North Texas, Health Science Center",All institutions<sup>a</sup>,"U. North Texas, Health Science Center",2,283,92,76,0,16,252,92,76,0,16,349,0,0,0,0
8281,r285,All institutions<sup>a</sup> -> Middle Tennessee State U.,All institutions<sup>a</sup>,Middle Tennessee State U.,2,284,89,89,0,0,391,0,0,0,0,122,89,89,0,0
8281,r286,All institutions<sup>a</sup> -> Memorial Sloan Kettering Cancer Center,All institutions<sup>a</sup>,Memorial Sloan Kettering Cancer Center,2,285,88,88,0,0,255,88,88,0,0,349,0,0,0,0
8281,r287,All institutions<sup>a</sup> -> Augusta U.,All institutions<sup>a</sup>,Augusta U.,2,286,84,83,0,1,260,80,79,0,1,310,4,4,0,0
8281,r288,All institutions<sup>a</sup> -> Texas Christian U.,All institutions<sup>a</sup>,Texas Christian U.,2,287,82,70,0,12,263,77,68,0,9,306,5,2,0,3
8281,r289,All institutions<sup>a</sup> -> Chapman U.,All institutions<sup>a</sup>,Chapman U.,2,287,82,47,0,35,287,50,19,0,31,204,32,28,0,4
8281,r290,All institutions<sup>a</sup> -> Illinois State U.,All institutions<sup>a</sup>,Illinois State U.,2,289,78,66,0,12,275,63,62,0,1,261,15,4,0,11
8281,r291,All institutions<sup>a</sup> -> Texas A&M U.-Corpus Christi,All institutions<sup>a</sup>,Texas A&M U.-Corpus Christi,2,290,75,75,0,0,267,72,72,0,0,318,3,3,0,0
8281,r292,All institutions<sup>a</sup> -> California Institute of Integral Studies,All institutions<sup>a</sup>,California Institute of Integral Studies,2,290,75,75,0,0,276,59,59,0,0,258,16,16,0,0
8281,r293,"All institutions<sup>a</sup> -> U. Nebraska, Omaha",All institutions<sup>a</sup>,"U. Nebraska, Omaha",2,292,74,74,0,0,324,27,27,0,0,174,47,47,0,0
8281,r294,"All institutions<sup>a</sup> -> SUNY, Polytechnic Institute",All institutions<sup>a</sup>,"SUNY, Polytechnic Institute",2,293,72,3,69,0,298,40,2,38,0,204,32,1,31,0
8281,r295,All institutions<sup>a</sup> -> Wesleyan U.,All institutions<sup>a</sup>,Wesleyan U.,2,294,69,69,0,0,269,69,69,0,0,349,0,0,0,0
8281,r296,All institutions<sup>a</sup> -> William Carey U.,All institutions<sup>a</sup>,William Carey U.,2,294,69,0,0,69,310,33,0,0,33,193,36,0,0,36
8281,r297,All institutions<sup>a</sup> -> Lamar U.,All institutions<sup>a</sup>,Lamar U.,2,296,68,0,68,0,321,29,0,29,0,187,39,0,39,0
8281,r298,All institutions<sup>a</sup> -> Kennesaw State U.,All institutions<sup>a</sup>,Kennesaw State U.,2,297,67,62,5,0,282,52,47,5,0,261,15,15,0,0
8281,r299,All institutions<sup>a</sup> -> Arkansas State U.,All institutions<sup>a</sup>,Arkansas State U.,2,297,67,67,0,0,298,40,40,0,0,219,27,27,0,0
8281,r300,All institutions<sup>a</sup> -> Naval Postgraduate School,All institutions<sup>a</sup>,Naval Postgraduate School,2,299,64,31,33,0,272,64,31,33,0,349,0,0,0,0
8281,r301,All institutions<sup>a</sup> -> Antioch U.,All institutions<sup>a</sup>,Antioch U.,2,299,64,64,0,0,307,35,35,0,0,215,29,29,0,0
8281,r302,All institutions<sup>a</sup> -> Santa Clara U.,All institutions<sup>a</sup>,Santa Clara U.,2,301,61,0,61,0,328,25,0,25,0,193,36,0,36,0
8281,r303,All institutions<sup>a</sup> -> Clark Atlanta U.,All institutions<sup>a</sup>,Clark Atlanta U.,2,302,59,59,0,0,310,33,33,0,0,223,26,26,0,0
8281,r304,All institutions<sup>a</sup> -> Harrisburg U. of Science and Technology,All institutions<sup>a</sup>,Harrisburg U. of Science and Technology,2,303,58,58,0,0,280,54,54,0,0,310,4,4,0,0
8281,r305,All institutions<sup>a</sup> -> Bowie State U.,All institutions<sup>a</sup>,Bowie State U.,2,303,58,58,0,0,331,23,23,0,0,197,35,35,0,0
8281,r306,All institutions<sup>a</sup> -> Towson U.,All institutions<sup>a</sup>,Towson U.,2,305,56,56,0,0,307,35,35,0,0,242,21,21,0,0
8281,r307,All institutions<sup>a</sup> -> Tuskegee U.,All institutions<sup>a</sup>,Tuskegee U.,2,306,55,49,6,0,289,49,43,6,0,301,6,6,0,0
8281,r308,All institutions<sup>a</sup> -> Endicott C.,All institutions<sup>a</sup>,Endicott C.,2,306,55,42,0,13,339,21,21,0,0,199,34,21,0,13
8281,r309,All institutions<sup>a</sup> -> Cold Spring Harbor Laboratory,All institutions<sup>a</sup>,Cold Spring Harbor Laboratory,2,308,54,54,0,0,280,54,54,0,0,349,0,0,0,0
8281,r310,All institutions<sup>a</sup> -> Texas A&M U.-Kingsville,All institutions<sup>a</sup>,Texas A&M U.-Kingsville,2,308,54,17,37,0,318,30,13,17,0,229,24,4,20,0
8281,r311,All institutions<sup>a</sup> -> Sam Houston State U.,All institutions<sup>a</sup>,Sam Houston State U.,2,310,52,52,0,0,325,26,26,0,0,223,26,26,0,0
8281,r312,All institutions<sup>a</sup> -> Biola U.,All institutions<sup>a</sup>,Biola U.,2,311,51,51,0,0,287,50,50,0,0,337,1,1,0,0
8281,r313,All institutions<sup>a</sup> -> Delaware State U.,All institutions<sup>a</sup>,Delaware State U.,2,311,51,51,0,0,290,48,48,0,0,318,3,3,0,0
8281,r314,All institutions<sup>a</sup> -> Prairie View A&M U.,All institutions<sup>a</sup>,Prairie View A&M U.,2,311,51,11,40,0,309,34,6,28,0,254,17,5,12,0
8281,r315,All institutions<sup>a</sup> -> James Madison U.,All institutions<sup>a</sup>,James Madison U.,2,314,50,50,0,0,302,38,38,0,0,274,12,12,0,0
8281,r316,All institutions<sup>a</sup> -> Mercer U.,All institutions<sup>a</sup>,Mercer U.,2,314,50,0,0,50,303,37,0,0,37,270,13,0,0,13
8281,r317,All institutions<sup>a</sup> -> Suffolk U.,All institutions<sup>a</sup>,Suffolk U.,2,316,49,49,0,0,318,30,30,0,0,247,19,19,0,0
8281,r318,All institutions<sup>a</sup> -> Widener U.,All institutions<sup>a</sup>,Widener U.,2,316,49,0,0,49,342,19,0,0,19,214,30,0,0,30
8281,r319,All institutions<sup>a</sup> -> U. San Diego,All institutions<sup>a</sup>,U. San Diego,2,316,49,0,0,49,371,6,0,0,6,181,43,0,0,43
8281,r320,All institutions<sup>a</sup> -> Albany Medical C.,All institutions<sup>a</sup>,Albany Medical C.,2,319,47,47,0,0,291,47,47,0,0,349,0,0,0,0
8281,r321,All institutions<sup>a</sup> -> Indiana State U.,All institutions<sup>a</sup>,Indiana State U.,2,320,46,46,0,0,305,36,36,0,0,282,10,10,0,0
8281,r322,All institutions<sup>a</sup> -> Gallaudet U.,All institutions<sup>a</sup>,Gallaudet U.,2,320,46,36,0,10,335,22,18,0,4,229,24,18,0,6
8281,r323,All institutions<sup>a</sup> -> Marshall U.,All institutions<sup>a</sup>,Marshall U.,2,322,45,45,0,0,297,42,42,0,0,318,3,3,0,0
8281,r324,All institutions<sup>a</sup> -> Western New England U.,All institutions<sup>a</sup>,Western New England U.,2,323,44,44,0,0,293,44,44,0,0,349,0,0,0,0
8281,r325,All institutions<sup>a</sup> -> Niagara U.,All institutions<sup>a</sup>,Niagara U.,2,323,44,44,0,0,342,19,19,0,0,226,25,25,0,0
8281,r326,"All institutions<sup>a</sup> -> U. Texas, Tyler<sup>b</sup>",All institutions<sup>a</sup>,"U. Texas, Tyler<sup>b</sup>",2,323,44,10,0,34,360,12,10,0,2,204,32,0,0,32
8281,r327,All institutions<sup>a</sup> -> Cedars-Sinai Medical Center,All institutions<sup>a</sup>,Cedars-Sinai Medical Center,2,326,43,43,0,0,294,43,43,0,0,349,0,0,0,0
8281,r328,"All institutions<sup>a</sup> -> Toyota Technological Institute, Chicago",All institutions<sup>a</sup>,"Toyota Technological Institute, Chicago",2,326,43,43,0,0,294,43,43,0,0,349,0,0,0,0
8281,r329,All institutions<sup>a</sup> -> Van Andel Institute,All institutions<sup>a</sup>,Van Andel Institute,2,326,43,43,0,0,294,43,43,0,0,349,0,0,0,0
8281,r330,All institutions<sup>a</sup> -> Azusa Pacific U.,All institutions<sup>a</sup>,Azusa Pacific U.,2,326,43,0,0,43,314,32,0,0,32,279,11,0,0,11
8281,r331,"All institutions<sup>a</sup> -> U. Maryland, Eastern Shore",All institutions<sup>a</sup>,"U. Maryland, Eastern Shore",2,326,43,39,0,4,371,6,5,0,1,191,37,34,0,3
8281,r332,All institutions<sup>a</sup> -> Morehouse School of Medicine,All institutions<sup>a</sup>,Morehouse School of Medicine,2,331,42,42,0,0,298,40,40,0,0,325,2,2,0,0
8281,r333,All institutions<sup>a</sup> -> Molloy C.,All institutions<sup>a</sup>,Molloy C.,2,332,41,0,0,41,391,0,0,0,0,183,41,0,0,41
8281,r334,"All institutions<sup>a</sup> -> California State U., Los Angeles",All institutions<sup>a</sup>,"California State U., Los Angeles",2,333,40,0,0,40,298,40,0,0,40,349,0,0,0,0
8281,r335,All institutions<sup>a</sup> -> Pacific U.,All institutions<sup>a</sup>,Pacific U.,2,334,38,38,0,0,321,29,29,0,0,288,9,9,0,0
8281,r336,All institutions<sup>a</sup> -> Bryn Mawr C.,All institutions<sup>a</sup>,Bryn Mawr C.,2,335,36,36,0,0,314,32,32,0,0,310,4,4,0,0
8281,r337,"All institutions<sup>a</sup> -> U. Tennessee, Chattanooga",All institutions<sup>a</sup>,"U. Tennessee, Chattanooga",2,335,36,36,0,0,347,18,18,0,0,251,18,18,0,0
8281,r338,All institutions<sup>a</sup> -> U. Central Arkansas,All institutions<sup>a</sup>,U. Central Arkansas,2,335,36,27,0,9,350,17,16,0,1,247,19,11,0,8
8281,r339,All institutions<sup>a</sup> -> Indiana U. Pennsylvania,All institutions<sup>a</sup>,Indiana U. Pennsylvania,2,335,36,36,0,0,353,15,15,0,0,242,21,21,0,0
8281,r340,All institutions<sup>a</sup> -> East Stroudsburg U. Pennsylvania,All institutions<sup>a</sup>,East Stroudsburg U. Pennsylvania,2,335,36,0,0,36,384,2,0,0,2,199,34,0,0,34
8281,r341,All institutions<sup>a</sup> -> U. West Georgia,All institutions<sup>a</sup>,U. West Georgia,2,340,35,35,0,0,347,18,18,0,0,254,17,17,0,0
8281,r342,All institutions<sup>a</sup> -> Drew U.,All institutions<sup>a</sup>,Drew U.,2,340,35,0,0,35,362,11,0,0,11,229,24,0,0,24
8281,r343,All institutions<sup>a</sup> -> Simmons U.,All institutions<sup>a</sup>,Simmons U.,2,340,35,20,0,15,378,4,4,0,0,211,31,16,0,15
8281,r344,All institutions<sup>a</sup> -> Meharry Medical C.,All institutions<sup>a</sup>,Meharry Medical C.,2,343,33,33,0,0,310,33,33,0,0,349,0,0,0,0
8281,r345,All institutions<sup>a</sup> -> U. Texas Rio Grande Valley,All institutions<sup>a</sup>,U. Texas Rio Grande Valley,2,343,33,33,0,0,330,24,24,0,0,288,9,9,0,0
8281,r346,All institutions<sup>a</sup> -> Robert Morris U.,All institutions<sup>a</sup>,Robert Morris U.,2,345,32,32,0,0,391,0,0,0,0,204,32,32,0,0
8281,r347,All institutions<sup>a</sup> -> New York Medical C.,All institutions<sup>a</sup>,New York Medical C.,2,346,31,31,0,0,316,31,31,0,0,349,0,0,0,0
8281,r348,All institutions<sup>a</sup> -> Sanford-Burnham Medical Research Institute,All institutions<sup>a</sup>,Sanford-Burnham Medical Research Institute,2,346,31,31,0,0,316,31,31,0,0,349,0,0,0,0
8281,r349,All institutions<sup>a</sup> -> Texas Southern U.,All institutions<sup>a</sup>,Texas Southern U.,2,346,31,16,0,15,331,23,10,0,13,292,8,6,0,2
8281,r350,All institutions<sup>a</sup> -> Texas A&M U.-Commerce,All institutions<sup>a</sup>,Texas A&M U.-Commerce,2,346,31,31,0,0,375,5,5,0,0,223,26,26,0,0
8281,r351,All institutions<sup>a</sup> -> U. del Turabo,All institutions<sup>a</sup>,U. del Turabo,2,350,30,30,0,0,318,30,30,0,0,349,0,0,0,0
8281,r352,"All institutions<sup>a</sup> -> U. Alaska, Anchorage",All institutions<sup>a</sup>,"U. Alaska, Anchorage",2,351,29,29,0,0,335,22,22,0,0,296,7,7,0,0
8281,r353,All institutions<sup>a</sup> -> Creighton U.,All institutions<sup>a</sup>,Creighton U.,2,352,28,28,0,0,323,28,28,0,0,349,0,0,0,0
8281,r354,"All institutions<sup>a</sup> -> U. Louisiana, Monroe",All institutions<sup>a</sup>,"U. Louisiana, Monroe",2,352,28,0,0,28,325,26,0,0,26,325,2,0,0,2
8281,r355,All institutions<sup>a</sup> -> Norfolk State U.,All institutions<sup>a</sup>,Norfolk State U.,2,352,28,28,0,0,353,15,15,0,0,270,13,13,0,0
8281,r356,All institutions<sup>a</sup> -> New Jersey City U.,All institutions<sup>a</sup>,New Jersey City U.,2,355,27,27,0,0,391,0,0,0,0,219,27,27,0,0
8281,r357,All institutions<sup>a</sup> -> Rosalind Franklin U. of Medicine and Science,All institutions<sup>a</sup>,Rosalind Franklin U. of Medicine and Science,2,356,26,26,0,0,325,26,26,0,0,349,0,0,0,0
8281,r358,"All institutions<sup>a</sup> -> U. North Carolina, Wilmington",All institutions<sup>a</sup>,"U. North Carolina, Wilmington",2,356,26,26,0,0,328,25,25,0,0,337,1,1,0,0
8281,r359,All institutions<sup>a</sup> -> Hampton U.,All institutions<sup>a</sup>,Hampton U.,2,358,24,16,0,8,350,17,14,0,3,296,7,2,0,5
8281,r360,All institutions<sup>a</sup> -> Wilkes U.,All institutions<sup>a</sup>,Wilkes U.,2,358,24,0,0,24,391,0,0,0,0,229,24,0,0,24
8281,r361,All institutions<sup>a</sup> -> Maharishi U. of Management,All institutions<sup>a</sup>,Maharishi U. of Management,2,360,23,23,0,0,331,23,23,0,0,349,0,0,0,0
8281,r362,All institutions<sup>a</sup> -> U. Dallas,All institutions<sup>a</sup>,U. Dallas,2,360,23,23,0,0,335,22,22,0,0,337,1,1,0,0
8281,r363,All institutions<sup>a</sup> -> U. New Haven,All institutions<sup>a</sup>,U. New Haven,2,362,22,0,7,15,335,22,0,7,15,349,0,0,0,0
8281,r364,All institutions<sup>a</sup> -> U. Detroit Mercy,All institutions<sup>a</sup>,U. Detroit Mercy,2,362,22,0,22,0,340,20,0,20,0,325,2,0,2,0
8281,r365,All institutions<sup>a</sup> -> Xavier U.,All institutions<sup>a</sup>,Xavier U.,2,362,22,0,0,22,391,0,0,0,0,237,22,0,0,22
8281,r366,All institutions<sup>a</sup> -> U. of the District of Columbia,All institutions<sup>a</sup>,U. of the District of Columbia,2,365,21,21,0,0,358,13,13,0,0,292,8,8,0,0
8281,r367,All institutions<sup>a</sup> -> U. Central del Caribe,All institutions<sup>a</sup>,U. Central del Caribe,2,366,20,20,0,0,340,20,20,0,0,349,0,0,0,0
8281,r368,All institutions<sup>a</sup> -> Tarleton State U.,All institutions<sup>a</sup>,Tarleton State U.,2,366,20,20,0,0,342,19,19,0,0,337,1,1,0,0
8281,r369,All institutions<sup>a</sup> -> Montana Tech of U. Montana,All institutions<sup>a</sup>,Montana Tech of U. Montana,2,366,20,13,7,0,364,9,5,4,0,279,11,8,3,0
8281,r370,All institutions<sup>a</sup> -> Polytechnic U. Puerto Rico,All institutions<sup>a</sup>,Polytechnic U. Puerto Rico,2,366,20,0,20,0,364,9,0,9,0,279,11,0,11,0
8281,r371,All institutions<sup>a</sup> -> Keck Graduate Institute,All institutions<sup>a</sup>,Keck Graduate Institute,2,370,19,19,0,0,342,19,19,0,0,349,0,0,0,0
8281,r372,All institutions<sup>a</sup> -> Caldwell U.,All institutions<sup>a</sup>,Caldwell U.,2,370,19,19,0,0,380,3,3,0,0,258,16,16,0,0
8281,r373,All institutions<sup>a</sup> -> American Museum of Natural History,All institutions<sup>a</sup>,American Museum of Natural History,2,372,18,18,0,0,347,18,18,0,0,349,0,0,0,0
8281,r374,All institutions<sup>a</sup> -> North Carolina Central U.,All institutions<sup>a</sup>,North Carolina Central U.,2,373,17,17,0,0,353,15,15,0,0,325,2,2,0,0
8281,r375,All institutions<sup>a</sup> -> Alfred U.,All institutions<sup>a</sup>,Alfred U.,2,374,16,0,16,0,356,14,0,14,0,325,2,0,2,0
8281,r376,All institutions<sup>a</sup> -> Virginia State U.,All institutions<sup>a</sup>,Virginia State U.,2,375,15,15,0,0,369,7,7,0,0,292,8,8,0,0
8281,r377,"All institutions<sup>a</sup> -> California State U., Long Beach",All institutions<sup>a</sup>,"California State U., Long Beach",2,375,15,0,15,0,384,2,0,2,0,270,13,0,13,0
8281,r378,All institutions<sup>a</sup> -> Oklahoma City U.,All institutions<sup>a</sup>,Oklahoma City U.,2,377,14,0,0,14,363,10,0,0,10,310,4,0,0,4
8281,r379,"All institutions<sup>a</sup> -> SUNY, C. of Optometry",All institutions<sup>a</sup>,"SUNY, C. of Optometry",2,378,13,13,0,0,358,13,13,0,0,349,0,0,0,0
8281,r380,All institutions<sup>a</sup> -> Elmezzi Graduate School of Molecular Medicine,All institutions<sup>a</sup>,Elmezzi Graduate School of Molecular Medicine,2,379,12,12,0,0,360,12,12,0,0,349,0,0,0,0
8281,r381,All institutions<sup>a</sup> -> Youngstown State U.,All institutions<sup>a</sup>,Youngstown State U.,2,379,12,0,12,0,364,9,0,9,0,318,3,0,3,0
8281,r382,All institutions<sup>a</sup> -> West Texas A&M U.,All institutions<sup>a</sup>,West Texas A&M U.,2,379,12,12,0,0,367,8,8,0,0,310,4,4,0,0
8281,r383,All institutions<sup>a</sup> -> Alabama State U.,All institutions<sup>a</sup>,Alabama State U.,2,379,12,12,0,0,375,5,5,0,0,296,7,7,0,0
8281,r384,All institutions<sup>a</sup> -> Lipscomb U.,All institutions<sup>a</sup>,Lipscomb U.,2,379,12,12,0,0,384,2,2,0,0,282,10,10,0,0
8281,r385,All institutions<sup>a</sup> -> Lawrence Technological U.,All institutions<sup>a</sup>,Lawrence Technological U.,2,379,12,0,12,0,391,0,0,0,0,274,12,0,12,0
8281,r386,All institutions<sup>a</sup> -> Salus U.,All institutions<sup>a</sup>,Salus U.,2,385,11,11,0,0,367,8,8,0,0,318,3,3,0,0
8281,r387,All institutions<sup>a</sup> -> Coastal Carolina U.,All institutions<sup>a</sup>,Coastal Carolina U.,2,385,11,11,0,0,389,1,1,0,0,282,10,10,0,0
8281,r388,All institutions<sup>a</sup> -> Rivier U.,All institutions<sup>a</sup>,Rivier U.,2,387,9,9,0,0,375,5,5,0,0,310,4,4,0,0
8281,r389,"All institutions<sup>a</sup> -> Northeastern Ohio Universities, C. of Medicine",All institutions<sup>a</sup>,"Northeastern Ohio Universities, C. of Medicine",2,387,9,0,0,9,378,4,0,0,4,306,5,0,0,5
8281,r390,All institutions<sup>a</sup> -> New York Institute of Technology,All institutions<sup>a</sup>,New York Institute of Technology,2,389,8,2,1,5,371,6,1,0,5,325,2,1,1,0
8281,r391,All institutions<sup>a</sup> -> U. North Alabama,All institutions<sup>a</sup>,U. North Alabama,2,389,8,0,0,8,371,6,0,0,6,325,2,0,0,2
8281,r392,"All institutions<sup>a</sup> -> Inter American U. Puerto Rico, San German",All institutions<sup>a</sup>,"Inter American U. Puerto Rico, San German",2,389,8,8,0,0,391,0,0,0,0,292,8,8,0,0
8281,r393,All institutions<sup>a</sup> -> Lake Erie C. of Osteopathic Medicine,All institutions<sup>a</sup>,Lake Erie C. of Osteopathic Medicine,2,392,7,7,0,0,369,7,7,0,0,349,0,0,0,0
8281,r394,"All institutions<sup>a</sup> -> U. Hawaii, Hilo",All institutions<sup>a</sup>,"U. Hawaii, Hilo",2,392,7,0,0,7,380,3,0,0,3,310,4,0,0,4
8281,r395,All institutions<sup>a</sup> -> Lincoln Memorial U.,All institutions<sup>a</sup>,Lincoln Memorial U.,2,394,5,5,0,0,380,3,3,0,0,325,2,2,0,0
8281,r396,All institutions<sup>a</sup> -> Western Illinois U.,All institutions<sup>a</sup>,Western Illinois U.,2,395,3,3,0,0,380,3,3,0,0,349,0,0,0,0
8281,r397,All institutions<sup>a</sup> -> U. of the Incarnate Word,All institutions<sup>a</sup>,U. of the Incarnate Word,2,395,3,3,0,0,384,2,2,0,0,337,1,1,0,0
8281,r398,"All institutions<sup>a</sup> -> Des Moines U., Osteopathic Medical Center",All institutions<sup>a</sup>,"Des Moines U., Osteopathic Medical Center",2,397,2,2,0,0,384,2,2,0,0,349,0,0,0,0
8281,r399,All institutions<sup>a</sup> -> Springfield C.,All institutions<sup>a</sup>,Springfield C.,2,397,2,2,0,0,389,1,1,0,0,337,1,1,0,0
8281,r400,All institutions<sup>a</sup> -> Roosevelt U.,All institutions<sup>a</sup>,Roosevelt U.,2,397,2,2,0,0,391,0,0,0,0,325,2,2,0,0
8281,r401,All institutions<sup>a</sup> -> Sage Colleges,All institutions<sup>a</sup>,Sage Colleges,2,397,2,0,0,2,391,0,0,0,0,325,2,0,0,2
