table_id,row_id,_b_institution_b_full_path,_b_institution_b_level_1,_b_institution_b_level_2,_b_institution_b_hierarchy_depth,field_all_graduate_students_rank,field_all_graduate_students_total,field_all_graduate_students_science,field_all_graduate_students_engineering,field_all_graduate_students_health,field_full_time_students_rank,field_full_time_students_total,field_full_time_students_science,field_full_time_students_engineering,field_full_time_students_health,field_part_time_students_rank,field_part_time_students_total,field_part_time_students_science,field_part_time_students_engineering,field_part_time_students_health
6046,r001,All institutions<sup>a</sup>,All institutions<sup>a</sup>,,1,-,697813,464646,157729,75438,-,491515,330541,111240,49734,-,206298,134105,46489,25704
6046,r002,All institutions<sup>a</sup> -> Georgia Institute of Technology,All institutions<sup>a</sup>,Georgia Institute of Technology,2,1,15148,11516,3607,25,18,4999,2074,2914,11,1,10149,9442,693,14
6046,r003,All institutions<sup>a</sup> -> Johns Hopkins U.,All institutions<sup>a</sup>,Johns Hopkins U.,2,2,12315,7127,3392,1796,24,4645,2765,1228,652,2,7670,4362,2164,1144
6046,r004,All institutions<sup>a</sup> -> Liberty U.,All institutions<sup>a</sup>,Liberty U.,2,3,10197,8725,20,1452,16,5226,4556,19,651,3,4971,4169,1,801
6046,r005,All institutions<sup>a</sup> -> U. Michigan,All institutions<sup>a</sup>,U. Michigan,2,4,10022,5363,4009,650,1,8592,4812,3170,610,22,1430,551,839,40
6046,r006,All institutions<sup>a</sup> -> Columbia U. in the City of New York,All institutions<sup>a</sup>,Columbia U. in the City of New York,2,5,9531,6212,2511,808,5,6350,4459,1221,670,7,3181,1753,1290,138
6046,r007,All institutions<sup>a</sup> -> U. Southern California,All institutions<sup>a</sup>,U. Southern California,2,6,9120,5571,2777,772,3,6919,4552,1760,607,11,2201,1019,1017,165
6046,r008,All institutions<sup>a</sup> -> New York U.,All institutions<sup>a</sup>,New York U.,2,7,8782,6661,1425,696,4,6593,4931,1215,447,12,2189,1730,210,249
6046,r009,All institutions<sup>a</sup> -> Arizona State U.,All institutions<sup>a</sup>,Arizona State U.,2,8,8716,5538,3033,145,14,5311,3271,1917,123,6,3405,2267,1116,22
6046,r010,"All institutions<sup>a</sup> -> U. Illinois, Urbana-Champaign",All institutions<sup>a</sup>,"U. Illinois, Urbana-Champaign",2,9,8698,5881,2623,194,2,7280,4697,2394,189,23,1418,1184,229,5
6046,r011,All institutions<sup>a</sup> -> Texas A&M U.,All institutions<sup>a</sup>,Texas A&M U.,2,10,7886,4534,2987,365,6,6259,3568,2381,310,18,1627,966,606,55
6046,r012,All institutions<sup>a</sup> -> U. Washington,All institutions<sup>a</sup>,U. Washington,2,11,7882,4858,2064,960,7,5872,3785,1327,760,15,2010,1073,737,200
6046,r013,All institutions<sup>a</sup> -> Purdue U.,All institutions<sup>a</sup>,Purdue U.,2,12,7197,2754,4029,414,25,4598,2099,2220,279,8,2599,655,1809,135
6046,r014,All institutions<sup>a</sup> -> U. Florida,All institutions<sup>a</sup>,U. Florida,2,13,7164,4634,1961,569,17,5137,3253,1449,435,14,2027,1381,512,134
6046,r015,All institutions<sup>a</sup> -> Pennsylvania State U.,All institutions<sup>a</sup>,Pennsylvania State U.,2,14,7065,4510,2333,222,27,4595,2951,1482,162,9,2470,1559,851,60
6046,r016,All institutions<sup>a</sup> -> U. Colorado,All institutions<sup>a</sup>,U. Colorado,2,15,6888,3947,2285,656,10,5672,3407,1708,557,29,1216,540,577,99
6046,r017,"All institutions<sup>a</sup> -> U. California, Berkeley",All institutions<sup>a</sup>,"U. California, Berkeley",2,16,6556,4282,1679,595,11,5580,3546,1636,398,47,976,736,43,197
6046,r018,"All institutions<sup>a</sup> -> U. Maryland, College Park",All institutions<sup>a</sup>,"U. Maryland, College Park",2,17,6374,3560,1660,1154,21,4730,3074,1190,466,17,1644,486,470,688
6046,r019,All institutions<sup>a</sup> -> George Washington U.,All institutions<sup>a</sup>,George Washington U.,2,18,6358,3855,801,1702,45,2855,2171,262,422,5,3503,1684,539,1280
6046,r020,"All institutions<sup>a</sup> -> U. Texas, Austin",All institutions<sup>a</sup>,"U. Texas, Austin",2,19,6043,3647,2005,391,20,4905,2924,1681,300,31,1138,723,324,91
6046,r021,All institutions<sup>a</sup> -> Stanford U.,All institutions<sup>a</sup>,Stanford U.,2,20,5943,3554,2231,158,9,5698,3426,2133,139,204,245,128,98,19
6046,r022,All institutions<sup>a</sup> -> Boston U.,All institutions<sup>a</sup>,Boston U.,2,21,5880,4011,997,872,31,4305,2863,798,644,20,1575,1148,199,228
6046,r023,All institutions<sup>a</sup> -> U. Wisconsin-Madison,All institutions<sup>a</sup>,U. Wisconsin-Madison,2,22,5876,4080,1396,400,19,4908,3500,1068,340,49,968,580,328,60
6046,r024,All institutions<sup>a</sup> -> U. Minnesota,All institutions<sup>a</sup>,U. Minnesota,2,23,5794,3750,1257,787,15,5258,3476,1130,652,100,536,274,127,135
6046,r025,"All institutions<sup>a</sup> -> U. California, Los Angeles",All institutions<sup>a</sup>,"U. California, Los Angeles",2,24,5757,3384,1826,547,8,5757,3384,1826,547,640,0,0,0,0
6046,r026,All institutions<sup>a</sup> -> Northeastern U.,All institutions<sup>a</sup>,Northeastern U.,2,25,5740,2458,3167,115,12,5389,2260,3020,109,153,351,198,147,6
6046,r027,All institutions<sup>a</sup> -> North Carolina State U.,All institutions<sup>a</sup>,North Carolina State U.,2,26,5717,3248,2469,0,29,4501,2625,1876,0,29,1216,623,593,0
6046,r028,All institutions<sup>a</sup> -> Cornell U.,All institutions<sup>a</sup>,Cornell U.,2,27,5339,3541,1707,91,13,5339,3541,1707,91,640,0,0,0,0
6046,r029,All institutions<sup>a</sup> -> Ohio State U.,All institutions<sup>a</sup>,Ohio State U.,2,28,5076,2874,1662,540,28,4568,2698,1458,412,108,508,176,204,128
6046,r030,"All institutions<sup>a</sup> -> U. California, San Diego",All institutions<sup>a</sup>,"U. California, San Diego",2,29,5003,2980,2023,0,23,4677,2809,1868,0,162,326,171,155,0
6046,r031,All institutions<sup>a</sup> -> Carnegie Mellon U.,All institutions<sup>a</sup>,Carnegie Mellon U.,2,30,4805,2516,2289,0,25,4598,2443,2155,0,232,207,73,134,0
6046,r032,All institutions<sup>a</sup> -> U. Chicago,All institutions<sup>a</sup>,U. Chicago,2,31,4719,4511,208,0,32,4105,3898,207,0,83,614,613,1,0
6046,r033,All institutions<sup>a</sup> -> Massachusetts Institute of Technology,All institutions<sup>a</sup>,Massachusetts Institute of Technology,2,32,4692,2397,2295,0,22,4682,2395,2287,0,572,10,2,8,0
6046,r034,All institutions<sup>a</sup> -> Indiana U.,All institutions<sup>a</sup>,Indiana U.,2,33,4646,3464,399,783,37,3510,2767,204,539,32,1136,697,195,244
6046,r035,All institutions<sup>a</sup> -> Virginia Polytechnic Institute and State U.,All institutions<sup>a</sup>,Virginia Polytechnic Institute and State U.,2,34,4533,2590,1883,60,38,3236,1628,1562,46,26,1297,962,321,14
6046,r036,All institutions<sup>a</sup> -> Harvard U.,All institutions<sup>a</sup>,Harvard U.,2,35,4405,3289,463,653,33,4088,3154,452,482,165,317,135,11,171
6046,r037,"All institutions<sup>a</sup> -> U. California, Davis",All institutions<sup>a</sup>,"U. California, Davis",2,36,4385,3203,939,243,30,4306,3171,901,234,379,79,32,38,9
6046,r038,All institutions<sup>a</sup> -> George Mason U.,All institutions<sup>a</sup>,George Mason U.,2,37,4336,3535,520,281,61,2248,1853,245,150,13,2088,1682,275,131
6046,r039,"All institutions<sup>a</sup> -> U. South Florida, Tampa",All institutions<sup>a</sup>,"U. South Florida, Tampa",2,38,4330,2297,822,1211,42,3037,1839,637,561,27,1293,458,185,650
6046,r040,"All institutions<sup>a</sup> -> Rutgers, State U. New Jersey",All institutions<sup>a</sup>,"Rutgers, State U. New Jersey",2,39,4206,3306,832,68,40,3162,2578,539,45,40,1044,728,293,23
6046,r041,All institutions<sup>a</sup> -> U. Arizona,All institutions<sup>a</sup>,U. Arizona,2,40,4132,2691,784,657,46,2666,1864,407,395,21,1466,827,377,262
6046,r042,All institutions<sup>a</sup> -> Northwestern U.,All institutions<sup>a</sup>,Northwestern U.,2,41,4101,2657,1192,252,36,3512,2288,1054,170,88,589,369,138,82
6046,r043,"All institutions<sup>a</sup> -> U. Texas, Dallas",All institutions<sup>a</sup>,"U. Texas, Dallas",2,42,4045,2843,969,233,41,3072,2151,699,222,48,973,692,270,11
6046,r044,"All institutions<sup>a</sup> -> SUNY, U. Buffalo",All institutions<sup>a</sup>,"SUNY, U. Buffalo",2,43,3957,2138,1334,485,72,1965,1115,521,329,16,1992,1023,813,156
6046,r045,"All institutions<sup>a</sup> -> U. California, Irvine",All institutions<sup>a</sup>,"U. California, Irvine",2,44,3886,2679,1039,168,34,3707,2557,990,160,256,179,122,49,8
6046,r046,"All institutions<sup>a</sup> -> U. North Carolina, Chapel Hill",All institutions<sup>a</sup>,"U. North Carolina, Chapel Hill",2,45,3811,2440,109,1262,35,3531,2388,108,1035,178,280,52,1,227
6046,r047,All institutions<sup>a</sup> -> U. Pittsburgh,All institutions<sup>a</sup>,U. Pittsburgh,2,46,3782,2369,848,565,39,3219,2109,683,427,94,563,260,165,138
6046,r048,"All institutions<sup>a</sup> -> U. Maryland, U. C.",All institutions<sup>a</sup>,"U. Maryland, U. C.",2,47,3742,3742,0,0,527,52,52,0,0,4,3690,3690,0,0
6046,r049,All institutions<sup>a</sup> -> U. Central Florida,All institutions<sup>a</sup>,U. Central Florida,2,48,3713,1779,1283,651,55,2450,1276,758,416,28,1263,503,525,235
6046,r050,"All institutions<sup>a</sup> -> Colorado State U., Fort Collins",All institutions<sup>a</sup>,"Colorado State U., Fort Collins",2,49,3629,2675,892,62,114,1261,1018,200,43,10,2368,1657,692,19
6046,r051,All institutions<sup>a</sup> -> U. Utah,All institutions<sup>a</sup>,U. Utah,2,50,3618,2231,891,496,47,2661,1661,646,354,50,957,570,245,142
6046,r052,All institutions<sup>a</sup> -> Michigan State U.,All institutions<sup>a</sup>,Michigan State U.,2,51,3590,2736,554,300,43,2891,2224,473,194,75,699,512,81,106
6046,r053,All institutions<sup>a</sup> -> Florida State U.,All institutions<sup>a</sup>,Florida State U.,2,52,3348,2777,311,260,60,2295,1937,220,138,38,1053,840,91,122
6046,r054,"All institutions<sup>a</sup> -> U. Massachusetts, Amherst",All institutions<sup>a</sup>,"U. Massachusetts, Amherst",2,53,3314,2236,643,435,50,2530,1894,464,172,62,784,342,179,263
6046,r055,All institutions<sup>a</sup> -> U. Cincinnati,All institutions<sup>a</sup>,U. Cincinnati,2,54,3305,1633,872,800,75,1922,1026,491,405,24,1383,607,381,395
6046,r056,"All institutions<sup>a</sup> -> U. Illinois, Chicago",All institutions<sup>a</sup>,"U. Illinois, Chicago",2,55,3286,1738,849,699,52,2513,1391,668,454,64,773,347,181,245
6046,r057,All institutions<sup>a</sup> -> U. Connecticut,All institutions<sup>a</sup>,U. Connecticut,2,56,3275,2064,884,327,48,2639,1790,590,259,80,636,274,294,68
6046,r058,All institutions<sup>a</sup> -> Oregon State U.,All institutions<sup>a</sup>,Oregon State U.,2,57,3062,1881,849,332,58,2365,1439,709,217,76,697,442,140,115
6046,r059,"All institutions<sup>a</sup> -> Washington U., Saint Louis",All institutions<sup>a</sup>,"Washington U., Saint Louis",2,58,2964,1714,1000,250,49,2555,1568,797,190,136,409,146,203,60
6046,r060,"All institutions<sup>a</sup> -> SUNY, Stony Brook U.",All institutions<sup>a</sup>,"SUNY, Stony Brook U.",2,59,2955,2216,548,191,54,2501,1897,444,160,122,454,319,104,31
6046,r061,All institutions<sup>a</sup> -> Georgetown U.,All institutions<sup>a</sup>,Georgetown U.,2,60,2954,2873,0,81,56,2446,2409,0,37,108,508,464,0,44
6046,r062,All institutions<sup>a</sup> -> Texas Tech U.,All institutions<sup>a</sup>,Texas Tech U.,2,61,2909,1886,814,209,63,2188,1467,570,151,72,721,419,244,58
6046,r063,All institutions<sup>a</sup> -> Iowa State U.,All institutions<sup>a</sup>,Iowa State U.,2,62,2902,1919,955,28,82,1772,1186,566,20,33,1130,733,389,8
6046,r064,All institutions<sup>a</sup> -> U. Virginia,All institutions<sup>a</sup>,U. Virginia,2,63,2897,1849,863,185,57,2442,1570,711,161,121,455,279,152,24
6046,r065,"All institutions<sup>a</sup> -> U. Texas, Arlington",All institutions<sup>a</sup>,"U. Texas, Arlington",2,63,2897,1422,1366,109,77,1823,933,831,59,36,1074,489,535,50
6046,r066,All institutions<sup>a</sup> -> Duke U.,All institutions<sup>a</sup>,Duke U.,2,65,2886,1931,809,146,44,2886,1931,809,146,640,0,0,0,0
6046,r067,All institutions<sup>a</sup> -> U. Houston,All institutions<sup>a</sup>,U. Houston,2,66,2873,1691,1008,174,65,2161,1261,744,156,73,712,430,264,18
6046,r068,All institutions<sup>a</sup> -> U. Georgia,All institutions<sup>a</sup>,U. Georgia,2,67,2738,2297,169,272,53,2509,2104,158,247,214,229,193,11,25
6046,r069,"All institutions<sup>a</sup> -> U. Tennessee, Knoxville",All institutions<sup>a</sup>,"U. Tennessee, Knoxville",2,68,2619,1490,981,148,111,1295,772,419,104,25,1324,718,562,44
6046,r070,All institutions<sup>a</sup> -> Lamar U.,All institutions<sup>a</sup>,Lamar U.,2,69,2575,2109,177,289,87,1557,1266,117,174,45,1018,843,60,115
6046,r071,All institutions<sup>a</sup> -> U. Pennsylvania,All institutions<sup>a</sup>,U. Pennsylvania,2,70,2559,2007,552,0,51,2516,1988,528,0,454,43,19,24,0
6046,r072,All institutions<sup>a</sup> -> Syracuse U.,All institutions<sup>a</sup>,Syracuse U.,2,71,2549,2051,469,29,79,1798,1416,357,25,67,751,635,112,4
6046,r073,All institutions<sup>a</sup> -> San Jose State U.,All institutions<sup>a</sup>,San Jose State U.,2,72,2530,724,1663,143,91,1466,439,913,114,37,1064,285,750,29
6046,r074,All institutions<sup>a</sup> -> Clemson U.,All institutions<sup>a</sup>,Clemson U.,2,73,2486,1343,1018,125,71,1967,942,936,89,105,519,401,82,36
6046,r075,All institutions<sup>a</sup> -> Florida International U.,All institutions<sup>a</sup>,Florida International U.,2,74,2462,1602,477,383,73,1961,1300,364,297,110,501,302,113,86
6046,r076,All institutions<sup>a</sup> -> Tufts U.,All institutions<sup>a</sup>,Tufts U.,2,75,2430,1866,327,237,74,1941,1529,260,152,113,489,337,67,85
6046,r077,All institutions<sup>a</sup> -> Pepperdine U.,All institutions<sup>a</sup>,Pepperdine U.,2,76,2429,2429,0,0,152,807,807,0,0,19,1622,1622,0,0
6046,r078,"All institutions<sup>a</sup> -> U. Alabama, Birmingham",All institutions<sup>a</sup>,"U. Alabama, Birmingham",2,77,2382,1284,555,543,103,1361,953,148,260,44,1021,331,407,283
6046,r079,All institutions<sup>a</sup> -> National U.,All institutions<sup>a</sup>,National U.,2,78,2354,2200,0,154,116,1239,1129,0,110,34,1115,1071,0,44
6046,r080,All institutions<sup>a</sup> -> Auburn U.,All institutions<sup>a</sup>,Auburn U.,2,79,2352,1247,1018,87,110,1311,674,570,67,42,1041,573,448,20
6046,r081,All institutions<sup>a</sup> -> U. Oklahoma,All institutions<sup>a</sup>,U. Oklahoma,2,80,2300,1677,517,106,94,1435,1053,304,78,56,865,624,213,28
6046,r082,"All institutions<sup>a</sup> -> U. California, Riverside",All institutions<sup>a</sup>,"U. California, Riverside",2,81,2299,1636,663,0,64,2181,1634,547,0,325,118,2,116,0
6046,r083,All institutions<sup>a</sup> -> Princeton U.,All institutions<sup>a</sup>,Princeton U.,2,82,2296,1586,710,0,59,2296,1586,710,0,640,0,0,0,0
6046,r084,All institutions<sup>a</sup> -> Case Western Reserve U.,All institutions<sup>a</sup>,Case Western Reserve U.,2,83,2289,1505,627,157,68,2003,1307,561,135,175,286,198,66,22
6046,r085,"All institutions<sup>a</sup> -> U. Missouri, Columbia",All institutions<sup>a</sup>,"U. Missouri, Columbia",2,84,2282,1620,298,364,104,1359,1026,138,195,54,923,594,160,169
6046,r086,"All institutions<sup>a</sup> -> U. North Texas, Denton",All institutions<sup>a</sup>,"U. North Texas, Denton",2,85,2264,1816,285,163,109,1318,984,184,150,52,946,832,101,13
6046,r087,All institutions<sup>a</sup> -> Georgia State U.,All institutions<sup>a</sup>,Georgia State U.,2,86,2261,1864,0,397,76,1849,1571,0,278,135,412,293,0,119
6046,r088,All institutions<sup>a</sup> -> Drexel U.,All institutions<sup>a</sup>,Drexel U.,2,87,2253,1537,549,167,96,1419,950,374,95,58,834,587,175,72
6046,r089,All institutions<sup>a</sup> -> U. Kentucky,All institutions<sup>a</sup>,U. Kentucky,2,88,2249,1520,358,371,69,1979,1365,314,300,186,270,155,44,71
6046,r090,All institutions<sup>a</sup> -> U. Delaware,All institutions<sup>a</sup>,U. Delaware,2,89,2243,1464,663,116,67,2081,1350,618,113,271,162,114,45,3
6046,r091,"All institutions<sup>a</sup> -> U. California, Santa Barbara",All institutions<sup>a</sup>,"U. California, Santa Barbara",2,90,2241,1774,467,0,62,2241,1774,467,0,640,0,0,0,0
6046,r092,All institutions<sup>a</sup> -> DePaul U.,All institutions<sup>a</sup>,DePaul U.,2,91,2220,1992,116,112,96,1419,1245,82,92,61,801,747,34,20
6046,r093,All institutions<sup>a</sup> -> Wayne State U.,All institutions<sup>a</sup>,Wayne State U.,2,92,2169,1310,515,344,85,1608,1015,325,268,95,561,295,190,76
6046,r094,All institutions<sup>a</sup> -> U. New Mexico,All institutions<sup>a</sup>,U. New Mexico,2,92,2169,1240,608,321,127,1132,653,253,226,43,1037,587,355,95
6046,r095,All institutions<sup>a</sup> -> Yale U.,All institutions<sup>a</sup>,Yale U.,2,94,2114,1816,125,173,66,2092,1800,121,171,518,22,16,4,2
6046,r096,All institutions<sup>a</sup> -> U. Kansas,All institutions<sup>a</sup>,U. Kansas,2,95,2101,1503,342,256,83,1713,1234,282,197,143,388,269,60,59
6046,r097,All institutions<sup>a</sup> -> U. Nebraska-Lincoln,All institutions<sup>a</sup>,U. Nebraska-Lincoln,2,96,2064,1487,514,63,88,1554,1118,384,52,107,510,369,130,11
6046,r098,All institutions<sup>a</sup> -> Louisiana State U.,All institutions<sup>a</sup>,Louisiana State U.,2,97,2044,1394,425,225,80,1778,1224,348,206,188,266,170,77,19
6046,r099,All institutions<sup>a</sup> -> Washington State U.,All institutions<sup>a</sup>,Washington State U.,2,98,2037,1422,509,106,84,1685,1188,406,91,151,352,234,103,15
6046,r100,"All institutions<sup>a</sup> -> U. Texas, San Antonio",All institutions<sup>a</sup>,"U. Texas, San Antonio",2,99,2032,1455,467,110,133,1040,761,227,52,46,992,694,240,58
6046,r101,All institutions<sup>a</sup> -> Brown U.,All institutions<sup>a</sup>,Brown U.,2,100,2021,1549,263,209,70,1973,1522,251,200,447,48,27,12,9
6046,r102,All institutions<sup>a</sup> -> U. Denver,All institutions<sup>a</sup>,U. Denver,2,101,2011,1851,130,30,102,1367,1292,64,11,79,644,559,66,19
6046,r103,"All institutions<sup>a</sup> -> SUNY, Binghamton U.",All institutions<sup>a</sup>,"SUNY, Binghamton U.",2,102,1983,1285,634,64,95,1431,958,433,40,98,552,327,201,24
6046,r104,All institutions<sup>a</sup> -> U. Miami,All institutions<sup>a</sup>,U. Miami,2,103,1976,1602,229,145,81,1776,1459,211,106,237,200,143,18,39
6046,r105,All institutions<sup>a</sup> -> New Jersey Institute of Technology,All institutions<sup>a</sup>,New Jersey Institute of Technology,2,104,1943,1038,889,16,128,1130,676,445,9,59,813,362,444,7
6046,r106,"All institutions<sup>a</sup> -> U. Texas Health Science Center, Houston",All institutions<sup>a</sup>,"U. Texas Health Science Center, Houston",2,105,1935,1092,41,802,120,1177,789,39,349,65,758,303,2,453
6046,r107,All institutions<sup>a</sup> -> Florida Institute of Technology,All institutions<sup>a</sup>,Florida Institute of Technology,2,106,1908,1405,503,0,120,1177,924,253,0,69,731,481,250,0
6046,r108,All institutions<sup>a</sup> -> Mississippi State U.,All institutions<sup>a</sup>,Mississippi State U.,2,107,1893,1217,614,62,131,1082,765,272,45,60,811,452,342,17
6046,r109,All institutions<sup>a</sup> -> Stevens Institute of Technology,All institutions<sup>a</sup>,Stevens Institute of Technology,2,108,1886,671,1209,6,108,1337,564,769,4,99,549,107,440,2
6046,r110,All institutions<sup>a</sup> -> Illinois Institute of Technology,All institutions<sup>a</sup>,Illinois Institute of Technology,2,109,1879,1276,560,43,112,1291,883,403,5,89,588,393,157,38
6046,r111,"All institutions<sup>a</sup> -> SUNY, U. Albany",All institutions<sup>a</sup>,"SUNY, U. Albany",2,110,1858,1551,30,277,130,1083,928,24,131,63,775,623,6,146
6046,r112,All institutions<sup>a</sup> -> Vanderbilt U.,All institutions<sup>a</sup>,Vanderbilt U.,2,111,1848,1413,384,51,78,1820,1398,374,48,503,28,15,10,3
6046,r113,All institutions<sup>a</sup> -> U. Iowa,All institutions<sup>a</sup>,U. Iowa,2,112,1839,1243,285,311,86,1572,1074,239,259,187,267,169,46,52
6046,r114,"All institutions<sup>a</sup> -> Columbia U., Teachers C.",All institutions<sup>a</sup>,"Columbia U., Teachers C.",2,113,1827,1580,0,247,122,1170,1015,0,155,78,657,565,0,92
6046,r115,All institutions<sup>a</sup> -> Temple U.,All institutions<sup>a</sup>,Temple U.,2,114,1826,1457,187,182,93,1445,1152,143,150,144,381,305,44,32
6046,r116,All institutions<sup>a</sup> -> Oklahoma State U.,All institutions<sup>a</sup>,Oklahoma State U.,2,115,1815,1272,455,88,114,1261,897,287,77,97,554,375,168,11
6046,r117,All institutions<sup>a</sup> -> San Diego State U.,All institutions<sup>a</sup>,San Diego State U.,2,116,1787,1073,282,432,119,1209,681,154,374,92,578,392,128,58
6046,r118,All institutions<sup>a</sup> -> U. Wisconsin-Milwaukee,All institutions<sup>a</sup>,U. Wisconsin-Milwaukee,2,117,1774,1178,258,338,99,1394,929,185,280,145,380,249,73,58
6046,r119,"All institutions<sup>a</sup> -> U. Massachusetts, Lowell",All institutions<sup>a</sup>,"U. Massachusetts, Lowell",2,118,1768,794,833,141,150,820,350,391,79,51,948,444,442,62
6046,r120,All institutions<sup>a</sup> -> U. South Carolina,All institutions<sup>a</sup>,U. South Carolina,2,119,1740,965,352,423,100,1389,847,286,256,153,351,118,66,167
6046,r121,"All institutions<sup>a</sup> -> California State U., Northridge",All institutions<sup>a</sup>,"California State U., Northridge",2,120,1733,485,289,959,180,644,228,127,289,35,1089,257,162,670
6046,r122,All institutions<sup>a</sup> -> West Virginia U.,All institutions<sup>a</sup>,West Virginia U.,2,121,1722,1021,413,288,98,1413,857,311,245,167,309,164,102,43
6046,r123,All institutions<sup>a</sup> -> Rochester Institute of Technology,All institutions<sup>a</sup>,Rochester Institute of Technology,2,122,1717,1210,501,6,106,1339,978,358,3,147,378,232,143,3
6046,r124,All institutions<sup>a</sup> -> American U.,All institutions<sup>a</sup>,American U.,2,123,1698,1676,0,22,134,1012,999,0,13,77,686,677,0,9
6046,r125,All institutions<sup>a</sup> -> Tulane U.,All institutions<sup>a</sup>,Tulane U.,2,124,1689,1045,104,540,92,1453,1008,104,341,207,236,37,0,199
6046,r126,"All institutions<sup>a</sup> -> U. North Carolina, Charlotte",All institutions<sup>a</sup>,"U. North Carolina, Charlotte",2,125,1677,1243,321,113,125,1142,836,222,84,101,535,407,99,29
6046,r127,All institutions<sup>a</sup> -> Kansas State U.,All institutions<sup>a</sup>,Kansas State U.,2,126,1641,1325,278,38,122,1170,965,184,21,117,471,360,94,17
6046,r128,"All institutions<sup>a</sup> -> U. Alabama, Tuscaloosa",All institutions<sup>a</sup>,"U. Alabama, Tuscaloosa",2,127,1634,870,494,270,117,1236,721,327,188,140,398,149,167,82
6046,r129,All institutions<sup>a</sup> -> U. Notre Dame,All institutions<sup>a</sup>,U. Notre Dame,2,128,1625,998,627,0,89,1524,909,615,0,345,101,89,12,0
6046,r130,All institutions<sup>a</sup> -> Old Dominion U.,All institutions<sup>a</sup>,Old Dominion U.,2,129,1613,691,818,104,199,565,339,143,83,39,1048,352,675,21
6046,r131,"All institutions<sup>a</sup> -> U. Hawaii, Manoa",All institutions<sup>a</sup>,"U. Hawaii, Manoa",2,130,1612,1226,236,150,105,1352,1057,189,106,191,260,169,47,44
6046,r132,"All institutions<sup>a</sup> -> California State U., Fullerton",All institutions<sup>a</sup>,"California State U., Fullerton",2,131,1611,847,580,184,170,681,382,161,138,53,930,465,419,46
6046,r133,All institutions<sup>a</sup> -> U. Rochester,All institutions<sup>a</sup>,U. Rochester,2,132,1579,1167,322,90,90,1503,1140,318,45,387,76,27,4,45
6046,r134,All institutions<sup>a</sup> -> Worcester Polytechnic Institute,All institutions<sup>a</sup>,Worcester Polytechnic Institute,2,133,1545,572,973,0,179,648,302,346,0,55,897,270,627,0
6046,r135,"All institutions<sup>a</sup> -> U. Arkansas, Fayetteville",All institutions<sup>a</sup>,"U. Arkansas, Fayetteville",2,134,1539,844,593,102,214,496,284,136,76,41,1043,560,457,26
6046,r136,"All institutions<sup>a</sup> -> U. Nevada, Reno",All institutions<sup>a</sup>,"U. Nevada, Reno",2,135,1531,871,341,319,118,1220,752,304,164,166,311,119,37,155
6046,r137,All institutions<sup>a</sup> -> Naval Postgraduate School,All institutions<sup>a</sup>,Naval Postgraduate School,2,136,1492,539,953,0,139,963,539,424,0,102,529,0,529,0
6046,r138,All institutions<sup>a</sup> -> Portland State U.,All institutions<sup>a</sup>,Portland State U.,2,137,1481,958,432,91,142,900,601,227,72,91,581,357,205,19
6046,r139,All institutions<sup>a</sup> -> Rice U.,All institutions<sup>a</sup>,Rice U.,2,138,1449,759,690,0,101,1387,719,668,0,415,62,40,22,0
6046,r140,All institutions<sup>a</sup> -> U. Louisville,All institutions<sup>a</sup>,U. Louisville,2,139,1446,582,560,304,135,1010,462,300,248,130,436,120,260,56
6046,r141,All institutions<sup>a</sup> -> Baylor U.,All institutions<sup>a</sup>,Baylor U.,2,140,1429,596,93,740,129,1120,535,80,505,167,309,61,13,235
6046,r142,All institutions<sup>a</sup> -> Southern Methodist U.,All institutions<sup>a</sup>,Southern Methodist U.,2,141,1426,862,564,0,173,671,497,174,0,66,755,365,390,0
6046,r143,All institutions<sup>a</sup> -> Colorado School of Mines,All institutions<sup>a</sup>,Colorado School of Mines,2,142,1423,432,991,0,124,1163,375,788,0,191,260,57,203,0
6046,r144,All institutions<sup>a</sup> -> Virginia Commonwealth U.,All institutions<sup>a</sup>,Virginia Commonwealth U.,2,143,1373,771,278,324,132,1080,611,211,258,172,293,160,67,66
6046,r145,"All institutions<sup>a</sup> -> U. Texas, El Paso",All institutions<sup>a</sup>,"U. Texas, El Paso",2,144,1368,639,608,121,156,778,386,304,88,87,590,253,304,33
6046,r146,All institutions<sup>a</sup> -> Texas State U.,All institutions<sup>a</sup>,Texas State U.,2,145,1345,1057,126,162,142,900,683,76,141,124,445,374,50,21
6046,r147,All institutions<sup>a</sup> -> California Institute of Technology,All institutions<sup>a</sup>,California Institute of Technology,2,146,1339,790,549,0,106,1339,790,549,0,640,0,0,0,0
6046,r148,All institutions<sup>a</sup> -> Emory U.,All institutions<sup>a</sup>,Emory U.,2,146,1339,1110,120,109,113,1289,1107,96,86,444,50,3,24,23
6046,r149,All institutions<sup>a</sup> -> New Mexico State U.,All institutions<sup>a</sup>,New Mexico State U.,2,148,1337,841,334,162,147,867,591,210,66,118,470,250,124,96
6046,r150,All institutions<sup>a</sup> -> Utah State U.,All institutions<sup>a</sup>,Utah State U.,2,149,1325,925,238,162,219,473,269,104,100,57,852,656,134,62
6046,r151,"All institutions<sup>a</sup> -> U. Maryland, Baltimore County",All institutions<sup>a</sup>,"U. Maryland, Baltimore County",2,150,1317,1090,227,0,146,873,718,155,0,126,444,372,72,0
6046,r152,All institutions<sup>a</sup> -> Kent State U.,All institutions<sup>a</sup>,Kent State U.,2,151,1285,870,0,415,145,878,669,0,209,138,407,201,0,206
6046,r153,All institutions<sup>a</sup> -> U. Texas Rio Grande Valley,All institutions<sup>a</sup>,U. Texas Rio Grande Valley,2,151,1285,702,205,378,200,562,393,122,47,71,723,309,83,331
6046,r154,"All institutions<sup>a</sup> -> U. Massachusetts, Boston",All institutions<sup>a</sup>,"U. Massachusetts, Boston",2,153,1277,1008,0,269,176,660,593,0,67,82,617,415,0,202
6046,r155,"All institutions<sup>a</sup> -> California State U., Long Beach",All institutions<sup>a</sup>,"California State U., Long Beach",2,154,1256,837,298,121,175,661,472,104,85,86,595,365,194,36
6046,r156,All institutions<sup>a</sup> -> Northern Illinois U.,All institutions<sup>a</sup>,Northern Illinois U.,2,155,1248,718,169,361,174,665,474,91,100,90,583,244,78,261
6046,r157,All institutions<sup>a</sup> -> Miami U.,All institutions<sup>a</sup>,Miami U.,2,156,1217,1055,42,120,192,588,438,38,112,81,629,617,4,8
6046,r158,All institutions<sup>a</sup> -> Texas Woman's U.,All institutions<sup>a</sup>,Texas Woman's U.,2,156,1217,770,0,447,216,491,282,0,209,70,726,488,0,238
6046,r159,All institutions<sup>a</sup> -> U. San Francisco,All institutions<sup>a</sup>,U. San Francisco,2,158,1215,1018,0,197,185,619,574,0,45,85,596,444,0,152
6046,r160,All institutions<sup>a</sup> -> Ohio U.,All institutions<sup>a</sup>,Ohio U.,2,159,1209,744,346,119,162,735,484,143,108,116,474,260,203,11
6046,r161,All institutions<sup>a</sup> -> U. Memphis,All institutions<sup>a</sup>,U. Memphis,2,160,1193,752,163,278,164,724,464,87,173,119,469,288,76,105
6046,r162,All institutions<sup>a</sup> -> U. Oregon,All institutions<sup>a</sup>,U. Oregon,2,161,1185,1108,0,77,126,1141,1066,0,75,453,44,42,0,2
6046,r163,All institutions<sup>a</sup> -> Florida Atlantic U.,All institutions<sup>a</sup>,Florida Atlantic U.,2,162,1171,800,229,142,191,600,416,100,84,93,571,384,129,58
6046,r164,All institutions<sup>a</sup> -> Western Michigan U.,All institutions<sup>a</sup>,Western Michigan U.,2,163,1144,722,287,135,137,978,636,231,111,268,166,86,56,24
6046,r165,"All institutions<sup>a</sup> -> U. Nevada, Las Vegas",All institutions<sup>a</sup>,"U. Nevada, Las Vegas",2,164,1140,788,179,173,154,788,577,109,102,151,352,211,70,71
6046,r166,"All institutions<sup>a</sup> -> U. North Carolina, Greensboro",All institutions<sup>a</sup>,"U. North Carolina, Greensboro",2,165,1131,711,0,420,189,607,403,0,204,103,524,308,0,216
6046,r167,All institutions<sup>a</sup> -> Carlos Albizu U.,All institutions<sup>a</sup>,Carlos Albizu U.,2,166,1110,902,0,208,140,962,819,0,143,286,148,83,0,65
6046,r168,All institutions<sup>a</sup> -> Michigan Technological U.,All institutions<sup>a</sup>,Michigan Technological U.,2,166,1110,488,610,12,157,765,330,426,9,156,345,158,184,3
6046,r169,All institutions<sup>a</sup> -> Missouri U. of Science and Technology,All institutions<sup>a</sup>,Missouri U. of Science and Technology,2,168,1104,295,809,0,172,676,218,458,0,132,428,77,351,0
6046,r170,All institutions<sup>a</sup> -> California Baptist U.,All institutions<sup>a</sup>,California Baptist U.,2,169,1096,690,25,381,160,758,532,16,210,158,338,158,9,171
6046,r171,All institutions<sup>a</sup> -> Troy U.,All institutions<sup>a</sup>,Troy U.,2,170,1090,1071,0,19,259,346,339,0,7,68,744,732,0,12
6046,r172,All institutions<sup>a</sup> -> Claremont Graduate U.,All institutions<sup>a</sup>,Claremont Graduate U.,2,171,1082,949,0,133,168,691,599,0,92,142,391,350,0,41
6046,r173,All institutions<sup>a</sup> -> Brigham Young U.,All institutions<sup>a</sup>,Brigham Young U.,2,172,1077,620,361,96,250,376,203,109,64,74,701,417,252,32
6046,r174,All institutions<sup>a</sup> -> Brandeis U.,All institutions<sup>a</sup>,Brandeis U.,2,173,1062,1062,0,0,138,966,966,0,0,349,96,96,0,0
6046,r175,All institutions<sup>a</sup> -> U. Idaho,All institutions<sup>a</sup>,U. Idaho,2,174,1047,719,328,0,190,605,447,158,0,127,442,272,170,0
6046,r176,All institutions<sup>a</sup> -> Lehigh U.,All institutions<sup>a</sup>,Lehigh U.,2,175,1020,484,536,0,151,811,403,408,0,231,209,81,128,0
6046,r177,All institutions<sup>a</sup> -> U. New Hampshire,All institutions<sup>a</sup>,U. New Hampshire,2,176,1014,747,184,83,148,843,621,152,70,263,171,126,32,13
6046,r178,All institutions<sup>a</sup> -> Montclair State U.,All institutions<sup>a</sup>,Montclair State U.,2,177,1000,760,0,240,153,796,606,0,190,235,204,154,0,50
6046,r179,"All institutions<sup>a</sup> -> U. California, San Francisco",All institutions<sup>a</sup>,"U. California, San Francisco",2,178,999,703,98,198,136,994,703,98,193,598,5,0,0,5
6046,r180,All institutions<sup>a</sup> -> U. Toledo,All institutions<sup>a</sup>,U. Toledo,2,179,996,551,250,195,167,701,412,141,148,171,295,139,109,47
6046,r181,All institutions<sup>a</sup> -> North Dakota State U.,All institutions<sup>a</sup>,North Dakota State U.,2,180,993,695,237,61,204,545,410,94,41,123,448,285,143,20
6046,r182,All institutions<sup>a</sup> -> Kennesaw State U.,All institutions<sup>a</sup>,Kennesaw State U.,2,181,977,662,207,108,231,419,342,46,31,96,558,320,161,77
6046,r183,All institutions<sup>a</sup> -> Antioch U.,All institutions<sup>a</sup>,Antioch U.,2,182,976,976,0,0,149,832,832,0,0,290,144,144,0,0
6046,r184,All institutions<sup>a</sup> -> Oakland U.,All institutions<sup>a</sup>,Oakland U.,2,183,969,392,519,58,207,524,253,225,46,124,445,139,294,12
6046,r185,All institutions<sup>a</sup> -> Saint Louis U.,All institutions<sup>a</sup>,Saint Louis U.,2,184,966,561,102,303,144,895,515,93,287,398,71,46,9,16
6046,r186,All institutions<sup>a</sup> -> U. Wyoming,All institutions<sup>a</sup>,U. Wyoming,2,185,961,712,185,64,161,736,556,142,38,218,225,156,43,26
6046,r187,All institutions<sup>a</sup> -> U. Dayton,All institutions<sup>a</sup>,U. Dayton,2,186,951,458,493,0,155,779,371,408,0,262,172,87,85,0
6046,r188,All institutions<sup>a</sup> -> U. Rhode Island,All institutions<sup>a</sup>,U. Rhode Island,2,187,950,607,212,131,165,718,482,131,105,211,232,125,81,26
6046,r189,All institutions<sup>a</sup> -> Dartmouth C.,All institutions<sup>a</sup>,Dartmouth C.,2,188,948,614,191,143,141,932,613,187,132,546,16,1,4,11
6046,r190,"All institutions<sup>a</sup> -> Southern Illinois U., Carbondale",All institutions<sup>a</sup>,"Southern Illinois U., Carbondale",2,189,946,659,194,93,163,729,520,122,87,224,217,139,72,6
6046,r191,All institutions<sup>a</sup> -> Long Island U.,All institutions<sup>a</sup>,Long Island U.,2,189,946,560,3,383,183,628,341,2,285,164,318,219,1,98
6046,r192,All institutions<sup>a</sup> -> Santa Clara U.,All institutions<sup>a</sup>,Santa Clara U.,2,191,935,448,487,0,197,569,252,317,0,148,366,196,170,0
6046,r193,All institutions<sup>a</sup> -> U. North Dakota,All institutions<sup>a</sup>,U. North Dakota,2,192,921,524,257,140,227,435,216,129,90,114,486,308,128,50
6046,r194,All institutions<sup>a</sup> -> Wright State U.,All institutions<sup>a</sup>,Wright State U.,2,193,912,583,299,30,177,659,440,199,20,198,253,143,100,10
6046,r195,All institutions<sup>a</sup> -> Northern Arizona U.,All institutions<sup>a</sup>,Northern Arizona U.,2,194,896,648,63,185,166,710,555,58,97,251,186,93,5,88
6046,r196,"All institutions<sup>a</sup> -> U. Alabama, Huntsville",All institutions<sup>a</sup>,"U. Alabama, Huntsville",2,195,889,385,493,11,253,373,219,146,8,106,516,166,347,3
6046,r197,All institutions<sup>a</sup> -> San Francisco State U.,All institutions<sup>a</sup>,San Francisco State U.,2,196,856,659,67,130,195,581,416,44,121,181,275,243,23,9
6046,r198,All institutions<sup>a</sup> -> Maharishi U. of Management,All institutions<sup>a</sup>,Maharishi U. of Management,2,197,848,848,0,0,158,761,761,0,0,362,87,87,0,0
6046,r199,All institutions<sup>a</sup> -> Pace U.,All institutions<sup>a</sup>,Pace U.,2,197,848,761,12,75,201,561,490,7,64,174,287,271,5,11
6046,r200,All institutions<sup>a</sup> -> U. Central Missouri,All institutions<sup>a</sup>,U. Central Missouri,2,199,845,695,35,115,213,509,417,18,74,159,336,278,17,41
6046,r201,All institutions<sup>a</sup> -> U. Maine,All institutions<sup>a</sup>,U. Maine,2,200,842,597,198,47,158,761,537,180,44,373,81,60,18,3
6046,r202,All institutions<sup>a</sup> -> U. Akron,All institutions<sup>a</sup>,U. Akron,2,201,839,440,304,95,187,613,324,219,70,217,226,116,85,25
6046,r203,All institutions<sup>a</sup> -> U. Vermont,All institutions<sup>a</sup>,U. Vermont,2,202,832,560,101,171,183,628,478,74,76,235,204,82,27,95
6046,r204,"All institutions<sup>a</sup> -> California State U., Sacramento",All institutions<sup>a</sup>,"California State U., Sacramento",2,202,832,506,220,106,268,331,165,91,75,110,501,341,129,31
6046,r205,All institutions<sup>a</sup> -> Montana State U.,All institutions<sup>a</sup>,Montana State U.,2,204,831,658,173,0,171,678,526,152,0,280,153,132,21,0
6046,r206,All institutions<sup>a</sup> -> U. Southern Mississippi,All institutions<sup>a</sup>,U. Southern Mississippi,2,205,830,494,76,260,181,642,358,72,212,246,188,136,4,48
6046,r207,"All institutions<sup>a</sup> -> U. Missouri, Kansas City",All institutions<sup>a</sup>,"U. Missouri, Kansas City",2,206,823,559,189,75,270,329,256,69,4,112,494,303,120,71
6046,r208,All institutions<sup>a</sup> -> Cleveland State U.,All institutions<sup>a</sup>,Cleveland State U.,2,207,816,440,286,90,194,582,335,173,74,208,234,105,113,16
6046,r209,All institutions<sup>a</sup> -> U. Mississippi,All institutions<sup>a</sup>,U. Mississippi,2,208,814,493,63,258,169,689,396,57,236,318,125,97,6,22
6046,r210,All institutions<sup>a</sup> -> East Carolina U.,All institutions<sup>a</sup>,East Carolina U.,2,209,812,500,46,266,205,537,379,24,134,181,275,121,22,132
6046,r211,All institutions<sup>a</sup> -> Boston C.,All institutions<sup>a</sup>,Boston C.,2,210,808,787,0,21,182,638,620,0,18,264,170,167,0,3
6046,r212,All institutions<sup>a</sup> -> U. New Haven,All institutions<sup>a</sup>,U. New Haven,2,211,802,468,279,55,193,584,352,180,52,222,218,116,99,3
6046,r213,"All institutions<sup>a</sup> -> California State Polytechnic U., Pomona",All institutions<sup>a</sup>,"California State Polytechnic U., Pomona",2,212,801,443,358,0,299,277,161,116,0,103,524,282,242,0
6046,r214,All institutions<sup>a</sup> -> Regis U.,All institutions<sup>a</sup>,Regis U.,2,213,789,769,0,20,202,548,533,0,15,206,241,236,0,5
6046,r215,All institutions<sup>a</sup> -> New School,All institutions<sup>a</sup>,New School,2,214,788,788,0,0,178,654,654,0,0,305,134,134,0,0
6046,r216,All institutions<sup>a</sup> -> Missouri State U.,All institutions<sup>a</sup>,Missouri State U.,2,215,775,631,0,144,220,467,337,0,130,169,308,294,0,14
6046,r217,All institutions<sup>a</sup> -> Wichita State U.,All institutions<sup>a</sup>,Wichita State U.,2,215,775,448,262,65,233,416,255,100,61,149,359,193,162,4
6046,r218,All institutions<sup>a</sup> -> Sam Houston State U.,All institutions<sup>a</sup>,Sam Houston State U.,2,217,761,699,0,62,258,352,319,0,33,136,409,380,0,29
6046,r219,All institutions<sup>a</sup> -> U. West Florida,All institutions<sup>a</sup>,U. West Florida,2,218,757,572,23,162,387,148,95,5,48,84,609,477,18,114
6046,r220,All institutions<sup>a</sup> -> Bowling Green State U.,All institutions<sup>a</sup>,Bowling Green State U.,2,219,747,653,24,70,206,530,443,20,67,224,217,210,4,3
6046,r221,All institutions<sup>a</sup> -> U. Houston-Clear Lake,All institutions<sup>a</sup>,U. Houston-Clear Lake,2,219,747,640,93,14,246,390,357,29,4,150,357,283,64,10
6046,r222,All institutions<sup>a</sup> -> Azusa Pacific U.,All institutions<sup>a</sup>,Azusa Pacific U.,2,221,745,636,0,109,218,487,398,0,89,195,258,238,0,20
6046,r223,All institutions<sup>a</sup> -> Ball State U.,All institutions<sup>a</sup>,Ball State U.,2,222,737,657,0,80,248,388,324,0,64,155,349,333,0,16
6046,r224,"All institutions<sup>a</sup> -> California State U., Los Angeles",All institutions<sup>a</sup>,"California State U., Los Angeles",2,223,734,482,149,103,242,398,284,48,66,159,336,198,101,37
6046,r225,All institutions<sup>a</sup> -> Marquette U.,All institutions<sup>a</sup>,Marquette U.,2,224,721,361,188,172,222,447,220,110,117,183,274,141,78,55
6046,r226,All institutions<sup>a</sup> -> Villanova U.,All institutions<sup>a</sup>,Villanova U.,2,225,718,284,434,0,243,397,206,191,0,163,321,78,243,0
6046,r227,"All institutions<sup>a</sup> -> CUNY, City C.",All institutions<sup>a</sup>,"CUNY, City C.",2,225,718,399,319,0,252,374,149,225,0,157,344,250,94,0
6046,r228,All institutions<sup>a</sup> -> Towson U.,All institutions<sup>a</sup>,Towson U.,2,227,712,618,0,94,230,421,328,0,93,173,291,290,0,1
6046,r229,All institutions<sup>a</sup> -> U. San Diego,All institutions<sup>a</sup>,U. San Diego,2,228,682,443,0,239,303,268,238,0,30,134,414,205,0,209
6046,r230,"All institutions<sup>a</sup> -> U. Puerto Rico, Mayaguez",All institutions<sup>a</sup>,"U. Puerto Rico, Mayaguez",2,229,674,432,242,0,185,619,409,210,0,432,55,23,32,0
6046,r231,"All institutions<sup>a</sup> -> U. Nebraska, Omaha",All institutions<sup>a</sup>,"U. Nebraska, Omaha",2,230,663,619,0,44,294,284,253,0,31,146,379,366,0,13
6046,r232,All institutions<sup>a</sup> -> Texas A&M U.-Kingsville,All institutions<sup>a</sup>,Texas A&M U.-Kingsville,2,231,661,350,231,80,237,413,247,116,50,201,248,103,115,30
6046,r233,All institutions<sup>a</sup> -> Air Force Institute of Technology,All institutions<sup>a</sup>,Air Force Institute of Technology,2,232,654,129,521,4,210,521,116,402,3,307,133,13,119,1
6046,r234,All institutions<sup>a</sup> -> California Institute of Integral Studies,All institutions<sup>a</sup>,California Institute of Integral Studies,2,233,652,652,0,0,207,524,524,0,0,315,128,128,0,0
6046,r235,All institutions<sup>a</sup> -> Barry U.,All institutions<sup>a</sup>,Barry U.,2,234,648,524,0,124,244,396,344,0,52,200,252,180,0,72
6046,r236,"All institutions<sup>a</sup> -> Loyola U., Chicago",All institutions<sup>a</sup>,"Loyola U., Chicago",2,235,646,536,29,81,207,524,459,19,46,321,122,77,10,35
6046,r237,"All institutions<sup>a</sup> -> U. Illinois, Springfield",All institutions<sup>a</sup>,"U. Illinois, Springfield",2,235,646,589,0,57,360,180,154,0,26,120,466,435,0,31
6046,r238,"All institutions<sup>a</sup> -> U. Puerto Rico, Rio Piedras",All institutions<sup>a</sup>,"U. Puerto Rico, Rio Piedras",2,237,644,644,0,0,195,581,581,0,0,411,63,63,0,0
6046,r239,All institutions<sup>a</sup> -> Howard U.,All institutions<sup>a</sup>,Howard U.,2,238,634,514,39,81,221,456,355,34,67,257,178,159,5,14
6046,r240,All institutions<sup>a</sup> -> South Dakota State U.,All institutions<sup>a</sup>,South Dakota State U.,2,239,633,476,115,42,249,380,301,72,7,198,253,175,43,35
6046,r241,"All institutions<sup>a</sup> -> U. Puerto Rico, Medical Sciences Campus",All institutions<sup>a</sup>,"U. Puerto Rico, Medical Sciences Campus",2,240,629,186,0,443,202,548,166,0,382,373,81,20,0,61
6046,r242,All institutions<sup>a</sup> -> Fielding Graduate U.,All institutions<sup>a</sup>,Fielding Graduate U.,2,241,624,624,0,0,211,518,518,0,0,337,106,106,0,0
6046,r243,All institutions<sup>a</sup> -> Texas A&M U.-Commerce,All institutions<sup>a</sup>,Texas A&M U.-Commerce,2,242,621,529,0,92,327,227,182,0,45,141,394,347,0,47
6046,r244,"All institutions<sup>a</sup> -> CUNY, Queens C.",All institutions<sup>a</sup>,"CUNY, Queens C.",2,243,620,538,0,82,255,355,303,0,52,189,265,235,0,30
6046,r245,"All institutions<sup>a</sup> -> U. California, Merced",All institutions<sup>a</sup>,"U. California, Merced",2,244,614,421,164,29,188,610,419,162,29,602,4,2,2,0
6046,r246,"All institutions<sup>a</sup> -> CUNY, Hunter C.",All institutions<sup>a</sup>,"CUNY, Hunter C.",2,244,614,571,0,43,403,130,87,0,43,115,484,484,0,0
6046,r247,All institutions<sup>a</sup> -> Saint Mary's U. Minnesota,All institutions<sup>a</sup>,Saint Mary's U. Minnesota,2,246,611,566,0,45,223,442,406,0,36,267,169,160,0,9
6046,r248,All institutions<sup>a</sup> -> Boise State U.,All institutions<sup>a</sup>,Boise State U.,2,246,611,378,160,73,239,405,256,110,39,233,206,122,50,34
6046,r249,"All institutions<sup>a</sup> -> U. North Texas, Health Science Center",All institutions<sup>a</sup>,"U. North Texas, Health Science Center",2,248,603,380,0,223,238,410,380,0,30,243,193,0,0,193
6046,r250,All institutions<sup>a</sup> -> East Tennessee State U.,All institutions<sup>a</sup>,East Tennessee State U.,2,249,599,215,0,384,229,424,164,0,260,259,175,51,0,124
6046,r251,All institutions<sup>a</sup> -> Grand Valley State U.,All institutions<sup>a</sup>,Grand Valley State U.,2,250,590,328,42,220,232,417,192,20,205,261,173,136,22,15
6046,r252,"All institutions<sup>a</sup> -> California State U., Fresno",All institutions<sup>a</sup>,"California State U., Fresno",2,251,588,342,88,158,254,370,179,49,142,222,218,163,39,16
6046,r253,All institutions<sup>a</sup> -> U. South Dakota,All institutions<sup>a</sup>,U. South Dakota,2,252,584,385,21,178,228,428,323,16,89,279,156,62,5,89
6046,r254,All institutions<sup>a</sup> -> U. Montana,All institutions<sup>a</sup>,U. Montana,2,252,584,420,0,164,255,355,260,0,95,214,229,160,0,69
6046,r255,"All institutions<sup>a</sup> -> U. Massachusetts, Dartmouth",All institutions<sup>a</sup>,"U. Massachusetts, Dartmouth",2,252,584,418,140,26,308,255,185,70,0,161,329,233,70,26
6046,r256,All institutions<sup>a</sup> -> Tarleton State U.,All institutions<sup>a</sup>,Tarleton State U.,2,252,584,584,0,0,394,143,143,0,0,128,441,441,0,0
6046,r257,"All institutions<sup>a</sup> -> U. Louisiana, Lafayette",All institutions<sup>a</sup>,"U. Louisiana, Lafayette",2,256,573,341,152,80,215,495,293,129,73,381,78,48,23,7
6046,r258,"All institutions<sup>a</sup> -> Southern Illinois U., Edwardsville",All institutions<sup>a</sup>,"Southern Illinois U., Edwardsville",2,257,572,359,134,79,305,266,157,37,72,170,306,202,97,7
6046,r259,All institutions<sup>a</sup> -> Baylor C. of Medicine,All institutions<sup>a</sup>,Baylor C. of Medicine,2,258,568,550,0,18,198,568,550,0,18,640,0,0,0,0
6046,r260,All institutions<sup>a</sup> -> Rowan U.,All institutions<sup>a</sup>,Rowan U.,2,258,568,311,208,49,280,308,142,135,31,191,260,169,73,18
6046,r261,"All institutions<sup>a</sup> -> St. John's U., Queens",All institutions<sup>a</sup>,"St. John's U., Queens",2,260,560,351,0,209,233,416,275,0,141,290,144,76,0,68
6046,r262,All institutions<sup>a</sup> -> Illinois State U.,All institutions<sup>a</sup>,Illinois State U.,2,261,554,466,0,88,223,442,369,0,73,331,112,97,0,15
6046,r263,All institutions<sup>a</sup> -> Georgia Southern U.,All institutions<sup>a</sup>,Georgia Southern U.,2,262,553,218,80,255,233,416,161,51,204,299,137,57,29,51
6046,r264,All institutions<sup>a</sup> -> Marshall U.,All institutions<sup>a</sup>,Marshall U.,2,263,550,376,37,137,225,440,288,24,128,332,110,88,13,9
6046,r265,All institutions<sup>a</sup> -> West Chester U. Pennsylvania,All institutions<sup>a</sup>,West Chester U. Pennsylvania,2,264,543,290,0,253,292,286,107,0,179,196,257,183,0,74
6046,r266,All institutions<sup>a</sup> -> Adelphi U.,All institutions<sup>a</sup>,Adelphi U.,2,265,538,320,0,218,284,304,120,0,184,208,234,200,0,34
6046,r267,All institutions<sup>a</sup> -> National Louis U.,All institutions<sup>a</sup>,National Louis U.,2,266,537,537,0,0,245,393,393,0,0,290,144,144,0,0
6046,r268,All institutions<sup>a</sup> -> Wake Forest U.,All institutions<sup>a</sup>,Wake Forest U.,2,267,534,391,67,76,212,511,388,67,56,514,23,3,0,20
6046,r269,All institutions<sup>a</sup> -> Seton Hall U.,All institutions<sup>a</sup>,Seton Hall U.,2,268,524,310,0,214,290,290,194,0,96,208,234,116,0,118
6046,r270,All institutions<sup>a</sup> -> Marymount U.,All institutions<sup>a</sup>,Marymount U.,2,269,513,470,0,43,288,291,265,0,26,220,222,205,0,17
6046,r271,All institutions<sup>a</sup> -> Idaho State U.,All institutions<sup>a</sup>,Idaho State U.,2,270,510,243,72,195,283,305,166,40,99,234,205,77,32,96
6046,r272,All institutions<sup>a</sup> -> Central Michigan U.,All institutions<sup>a</sup>,Central Michigan U.,2,271,509,385,6,118,277,311,202,1,108,239,198,183,5,10
6046,r273,All institutions<sup>a</sup> -> Eastern Illinois U.,All institutions<sup>a</sup>,Eastern Illinois U.,2,272,501,407,0,94,278,310,229,0,81,244,191,178,0,13
6046,r274,"All institutions<sup>a</sup> -> CUNY, Baruch C.",All institutions<sup>a</sup>,"CUNY, Baruch C.",2,273,500,439,61,0,503,63,53,10,0,129,437,386,51,0
6046,r275,All institutions<sup>a</sup> -> North Carolina Agricultural and Technical State U.,All institutions<sup>a</sup>,North Carolina Agricultural and Technical State U.,2,274,494,179,315,0,264,335,136,199,0,274,159,43,116,0
6046,r276,All institutions<sup>a</sup> -> U. Texas Southwestern Medical Center,All institutions<sup>a</sup>,U. Texas Southwestern Medical Center,2,275,493,442,51,0,216,491,440,51,0,618,2,2,0,0
6046,r277,All institutions<sup>a</sup> -> Palo Alto U.,All institutions<sup>a</sup>,Palo Alto U.,2,275,493,493,0,0,226,436,436,0,0,426,57,57,0,0
6046,r278,All institutions<sup>a</sup> -> U. New England,All institutions<sup>a</sup>,U. New England,2,277,491,107,0,384,262,339,72,0,267,281,152,35,0,117
6046,r279,"All institutions<sup>a</sup> -> U. Alaska, Fairbanks",All institutions<sup>a</sup>,"U. Alaska, Fairbanks",2,278,490,428,62,0,337,214,181,33,0,179,276,247,29,0
6046,r280,All institutions<sup>a</sup> -> Rivier U.,All institutions<sup>a</sup>,Rivier U.,2,279,483,77,0,406,537,49,48,0,1,131,434,29,0,405
6046,r281,All institutions<sup>a</sup> -> Loma Linda U.,All institutions<sup>a</sup>,Loma Linda U.,2,280,480,192,0,288,278,310,140,0,170,264,170,52,0,118
6046,r282,All institutions<sup>a</sup> -> U. Northern Colorado,All institutions<sup>a</sup>,U. Northern Colorado,2,281,474,187,0,287,324,228,83,0,145,203,246,104,0,142
6046,r283,All institutions<sup>a</sup> -> Pontifical Catholic U. Puerto Rico,All institutions<sup>a</sup>,Pontifical Catholic U. Puerto Rico,2,282,473,473,0,0,335,218,218,0,0,197,255,255,0,0
6046,r284,"All institutions<sup>a</sup> -> California State U., San Bernardino",All institutions<sup>a</sup>,"California State U., San Bernardino",2,283,472,434,0,38,236,414,378,0,36,424,58,56,0,2
6046,r285,All institutions<sup>a</sup> -> St. Cloud State U.,All institutions<sup>a</sup>,St. Cloud State U.,2,283,472,310,79,83,338,211,152,9,50,190,261,158,70,33
6046,r286,All institutions<sup>a</sup> -> U. Arkansas for Medical Sciences,All institutions<sup>a</sup>,U. Arkansas for Medical Sciences,2,285,469,132,0,337,352,197,99,0,98,184,272,33,0,239
6046,r287,"All institutions<sup>a</sup> -> U. North Carolina, Wilmington",All institutions<sup>a</sup>,"U. North Carolina, Wilmington",2,286,462,462,0,0,266,334,334,0,0,315,128,128,0,0
6046,r288,"All institutions<sup>a</sup> -> California State U., East Bay",All institutions<sup>a</sup>,"California State U., East Bay",2,287,459,373,0,86,273,326,258,0,68,307,133,115,0,18
6046,r289,All institutions<sup>a</sup> -> A. T. Still U.,All institutions<sup>a</sup>,A. T. Still U.,2,288,458,16,0,442,294,284,9,0,275,260,174,7,0,167
6046,r290,All institutions<sup>a</sup> -> U. South Alabama,All institutions<sup>a</sup>,U. South Alabama,2,289,453,307,89,57,247,389,265,67,57,407,64,42,22,0
6046,r291,"All institutions<sup>a</sup> -> California Polytechnic State U., San Luis Obispo",All institutions<sup>a</sup>,"California Polytechnic State U., San Luis Obispo",2,290,450,199,251,0,272,328,125,203,0,321,122,74,48,0
6046,r292,All institutions<sup>a</sup> -> Massachusetts C. of Pharmacy and Health Sciences,All institutions<sup>a</sup>,Massachusetts C. of Pharmacy and Health Sciences,2,291,443,23,0,420,381,158,21,0,137,177,285,2,0,283
6046,r293,All institutions<sup>a</sup> -> Embry-Riddle Aeronautical U.,All institutions<sup>a</sup>,Embry-Riddle Aeronautical U.,2,292,441,104,337,0,241,399,96,303,0,460,42,8,34,0
6046,r294,All institutions<sup>a</sup> -> Hofstra U.,All institutions<sup>a</sup>,Hofstra U.,2,293,438,233,0,205,257,353,188,0,165,367,85,45,0,40
6046,r295,All institutions<sup>a</sup> -> Western Kentucky U.,All institutions<sup>a</sup>,Western Kentucky U.,2,294,435,193,0,242,287,295,117,0,178,296,140,76,0,64
6046,r296,All institutions<sup>a</sup> -> Simmons U.,All institutions<sup>a</sup>,Simmons U.,2,294,435,389,0,46,652,8,8,0,0,133,427,381,0,46
6046,r297,All institutions<sup>a</sup> -> Thomas Jefferson U.,All institutions<sup>a</sup>,Thomas Jefferson U.,2,296,432,311,5,116,339,210,168,3,39,220,222,143,2,77
6046,r298,All institutions<sup>a</sup> -> Middle Tennessee State U.,All institutions<sup>a</sup>,Middle Tennessee State U.,2,297,426,408,0,18,349,199,186,0,13,216,227,222,0,5
6046,r299,"All institutions<sup>a</sup> -> U. Texas Health Science Center, San Antonio",All institutions<sup>a</sup>,"U. Texas Health Science Center, San Antonio",2,298,425,260,23,142,264,335,241,4,90,355,90,19,19,52
6046,r300,All institutions<sup>a</sup> -> Clarkson U.,All institutions<sup>a</sup>,Clarkson U.,2,299,420,126,265,29,301,273,109,162,2,289,147,17,103,27
6046,r301,"All institutions<sup>a</sup> -> U. Texas, Tyler",All institutions<sup>a</sup>,"U. Texas, Tyler",2,300,415,283,27,105,307,258,192,18,48,277,157,91,9,57
6046,r302,"All institutions<sup>a</sup> -> CUNY, Brooklyn C.",All institutions<sup>a</sup>,"CUNY, Brooklyn C.",2,300,415,290,0,125,404,129,54,0,75,175,286,236,0,50
6046,r303,All institutions<sup>a</sup> -> Alabama A&M U.,All institutions<sup>a</sup>,Alabama A&M U.,2,302,414,263,68,83,312,248,149,33,66,268,166,114,35,17
6046,r304,All institutions<sup>a</sup> -> Touro C.,All institutions<sup>a</sup>,Touro C.,2,303,413,307,0,106,260,340,237,0,103,395,73,70,0,3
6046,r305,All institutions<sup>a</sup> -> North Carolina Central U.,All institutions<sup>a</sup>,North Carolina Central U.,2,304,411,315,0,96,298,280,186,0,94,312,131,129,0,2
6046,r306,All institutions<sup>a</sup> -> Eastern Michigan U.,All institutions<sup>a</sup>,Eastern Michigan U.,2,305,408,330,0,78,364,176,132,0,44,211,232,198,0,34
6046,r307,All institutions<sup>a</sup> -> U. Wisconsin-Platteville,All institutions<sup>a</sup>,U. Wisconsin-Platteville,2,305,408,200,208,0,659,5,2,3,0,139,403,198,205,0
6046,r308,All institutions<sup>a</sup> -> New York Institute of Technology,All institutions<sup>a</sup>,New York Institute of Technology,2,307,407,273,114,20,293,285,198,67,20,321,122,75,47,0
6046,r309,All institutions<sup>a</sup> -> Keck Graduate Institute,All institutions<sup>a</sup>,Keck Graduate Institute,2,308,405,282,123,0,240,404,281,123,0,629,1,1,0,0
6046,r310,"All institutions<sup>a</sup> -> U. Nebraska, Medical Center",All institutions<sup>a</sup>,"U. Nebraska, Medical Center",2,309,403,373,0,30,315,242,223,0,19,273,161,150,0,11
6046,r311,All institutions<sup>a</sup> -> Angelo State U.,All institutions<sup>a</sup>,Angelo State U.,2,310,398,342,0,56,373,166,157,0,9,211,232,185,0,47
6046,r312,"All institutions<sup>a</sup> -> U. Missouri, Saint Louis",All institutions<sup>a</sup>,"U. Missouri, Saint Louis",2,311,395,365,0,30,344,201,193,0,8,241,194,172,0,22
6046,r313,All institutions<sup>a</sup> -> Roosevelt U.,All institutions<sup>a</sup>,Roosevelt U.,2,312,392,386,0,6,291,288,286,0,2,341,104,100,0,4
6046,r314,"All institutions<sup>a</sup> -> Keiser U., Fort Lauderdale",All institutions<sup>a</sup>,"Keiser U., Fort Lauderdale",2,313,387,387,0,0,300,274,274,0,0,330,113,113,0,0
6046,r315,All institutions<sup>a</sup> -> Oregon Health and Science U.,All institutions<sup>a</sup>,Oregon Health and Science U.,2,314,386,242,80,64,276,320,217,67,36,404,66,25,13,28
6046,r316,"All institutions<sup>a</sup> -> U. Louisiana, Monroe",All institutions<sup>a</sup>,"U. Louisiana, Monroe",2,314,386,257,0,129,311,250,142,0,108,300,136,115,0,21
6046,r317,"All institutions<sup>a</sup> -> U. Arkansas, Little Rock",All institutions<sup>a</sup>,"U. Arkansas, Little Rock",2,316,385,355,25,5,341,204,189,15,0,255,181,166,10,5
6046,r318,All institutions<sup>a</sup> -> Lewis U.,All institutions<sup>a</sup>,Lewis U.,2,316,385,348,0,37,407,125,88,0,37,191,260,260,0,0
6046,r319,All institutions<sup>a</sup> -> Appalachian State U.,All institutions<sup>a</sup>,Appalachian State U.,2,318,382,268,0,114,275,321,210,0,111,418,61,58,0,3
6046,r320,All institutions<sup>a</sup> -> Clark U.,All institutions<sup>a</sup>,Clark U.,2,319,381,381,0,0,273,326,326,0,0,432,55,55,0,0
6046,r321,All institutions<sup>a</sup> -> U. Tulsa,All institutions<sup>a</sup>,U. Tulsa,2,320,379,215,131,33,250,376,213,130,33,612,3,2,1,0
6046,r322,All institutions<sup>a</sup> -> Benedictine U.,All institutions<sup>a</sup>,Benedictine U.,2,321,378,96,0,282,430,106,57,0,49,184,272,39,0,233
6046,r323,All institutions<sup>a</sup> -> Fordham U.,All institutions<sup>a</sup>,Fordham U.,2,322,376,376,0,0,324,228,228,0,0,286,148,148,0,0
6046,r324,All institutions<sup>a</sup> -> Central Washington U.,All institutions<sup>a</sup>,Central Washington U.,2,323,375,328,31,16,317,236,220,0,16,297,139,108,31,0
6046,r325,All institutions<sup>a</sup> -> Southern Connecticut State U.,All institutions<sup>a</sup>,Southern Connecticut State U.,2,323,375,181,10,184,327,227,85,4,138,286,148,96,6,46
6046,r326,All institutions<sup>a</sup> -> U. New Orleans,All institutions<sup>a</sup>,U. New Orleans,2,325,374,252,122,0,319,232,167,65,0,294,142,85,57,0
6046,r327,All institutions<sup>a</sup> -> Nova Southeastern U.,All institutions<sup>a</sup>,Nova Southeastern U.,2,326,369,369,0,0,321,230,230,0,0,297,139,139,0,0
6046,r328,All institutions<sup>a</sup> -> C. of William and Mary,All institutions<sup>a</sup>,C. of William and Mary,2,327,366,366,0,0,270,329,329,0,0,477,37,37,0,0
6046,r329,All institutions<sup>a</sup> -> Dakota State U.,All institutions<sup>a</sup>,Dakota State U.,2,327,366,355,0,11,321,230,224,0,6,300,136,131,0,5
6046,r330,All institutions<sup>a</sup> -> Morgan State U.,All institutions<sup>a</sup>,Morgan State U.,2,329,362,119,135,108,281,307,109,108,90,432,55,10,27,18
6046,r331,All institutions<sup>a</sup> -> Tennessee State U.,All institutions<sup>a</sup>,Tennessee State U.,2,330,361,230,58,73,318,234,162,35,37,317,127,68,23,36
6046,r332,All institutions<sup>a</sup> -> Jackson State U.,All institutions<sup>a</sup>,Jackson State U.,2,330,361,131,39,191,378,162,65,16,81,238,199,66,23,110
6046,r333,All institutions<sup>a</sup> -> Philadelphia C. of Osteopathic Medicine,All institutions<sup>a</sup>,Philadelphia C. of Osteopathic Medicine,2,332,360,360,0,0,262,339,339,0,0,524,21,21,0,0
6046,r334,All institutions<sup>a</sup> -> Eastern U.,All institutions<sup>a</sup>,Eastern U.,2,332,360,360,0,0,387,148,148,0,0,228,212,212,0,0
6046,r335,All institutions<sup>a</sup> -> Western Illinois U.,All institutions<sup>a</sup>,Western Illinois U.,2,334,357,300,0,57,302,272,220,0,52,367,85,80,0,5
6046,r336,All institutions<sup>a</sup> -> Louisiana Tech U.,All institutions<sup>a</sup>,Louisiana Tech U.,2,335,356,185,112,59,297,281,134,90,57,390,75,51,22,2
6046,r337,All institutions<sup>a</sup> -> Polytechnic U. Puerto Rico,All institutions<sup>a</sup>,Polytechnic U. Puerto Rico,2,336,355,52,303,0,368,170,35,135,0,252,185,17,168,0
6046,r338,All institutions<sup>a</sup> -> Texas A&M U.-Corpus Christi,All institutions<sup>a</sup>,Texas A&M U.-Corpus Christi,2,337,353,283,13,57,309,254,227,8,19,347,99,56,5,38
6046,r339,All institutions<sup>a</sup> -> Humboldt State U.,All institutions<sup>a</sup>,Humboldt State U.,2,338,351,318,0,33,426,109,95,0,14,205,242,223,0,19
6046,r340,All institutions<sup>a</sup> -> New York Medical C.,All institutions<sup>a</sup>,New York Medical C.,2,339,350,221,0,129,296,283,184,0,99,401,67,37,0,30
6046,r341,All institutions<sup>a</sup> -> Lawrence Technological U.,All institutions<sup>a</sup>,Lawrence Technological U.,2,339,350,83,267,0,478,74,11,63,0,179,276,72,204,0
6046,r342,All institutions<sup>a</sup> -> Eastern Washington U.,All institutions<sup>a</sup>,Eastern Washington U.,2,341,346,258,0,88,281,307,229,0,78,469,39,29,0,10
6046,r343,All institutions<sup>a</sup> -> Southern U. and A&M C.,All institutions<sup>a</sup>,Southern U. and A&M C.,2,342,342,283,24,35,344,201,150,16,35,295,141,133,8,0
6046,r344,"All institutions<sup>a</sup> -> U. Massachusetts, Medical School",All institutions<sup>a</sup>,"U. Massachusetts, Medical School",2,343,340,340,0,0,260,340,340,0,0,640,0,0,0,0
6046,r345,"All institutions<sup>a</sup> -> SUNY, Downstate Medical Center",All institutions<sup>a</sup>,"SUNY, Downstate Medical Center",2,344,337,58,9,270,340,205,55,8,142,311,132,3,1,128
6046,r346,All institutions<sup>a</sup> -> Eastern Kentucky U.,All institutions<sup>a</sup>,Eastern Kentucky U.,2,345,334,247,0,87,389,147,77,0,70,248,187,170,0,17
6046,r347,All institutions<sup>a</sup> -> Albert Einstein C. of Medicine,All institutions<sup>a</sup>,Albert Einstein C. of Medicine,2,346,333,283,0,50,267,333,283,0,50,640,0,0,0,0
6046,r348,All institutions<sup>a</sup> -> Chapman U.,All institutions<sup>a</sup>,Chapman U.,2,346,333,195,0,138,323,229,100,0,129,341,104,95,0,9
6046,r349,All institutions<sup>a</sup> -> U. North Florida,All institutions<sup>a</sup>,U. North Florida,2,348,331,184,42,105,344,201,97,24,80,314,130,87,18,25
6046,r350,All institutions<sup>a</sup> -> Lake Erie C. of Osteopathic Medicine,All institutions<sup>a</sup>,Lake Erie C. of Osteopathic Medicine,2,349,330,330,0,0,269,330,330,0,0,640,0,0,0,0
6046,r351,All institutions<sup>a</sup> -> Midwestern U.,All institutions<sup>a</sup>,Midwestern U.,2,350,329,329,0,0,286,298,298,0,0,494,31,31,0,0
6046,r352,"All institutions<sup>a</sup> -> Mayo Clinic, Mayo Graduate School",All institutions<sup>a</sup>,"Mayo Clinic, Mayo Graduate School",2,351,326,274,47,5,306,259,216,43,0,401,67,58,4,5
6046,r353,All institutions<sup>a</sup> -> Governors State U.,All institutions<sup>a</sup>,Governors State U.,2,352,325,227,0,98,367,173,111,0,62,281,152,116,0,36
6046,r354,All institutions<sup>a</sup> -> U. Central Oklahoma,All institutions<sup>a</sup>,U. Central Oklahoma,2,353,322,213,17,92,376,163,111,4,48,274,159,102,13,44
6046,r355,All institutions<sup>a</sup> -> Mississippi C.,All institutions<sup>a</sup>,Mississippi C.,2,354,319,319,0,0,315,242,242,0,0,384,77,77,0,0
6046,r356,All institutions<sup>a</sup> -> Seattle U.,All institutions<sup>a</sup>,Seattle U.,2,354,319,294,25,0,372,167,154,13,0,281,152,140,12,0
6046,r357,All institutions<sup>a</sup> -> Kean U.,All institutions<sup>a</sup>,Kean U.,2,356,318,256,0,62,347,200,182,0,18,325,118,74,0,44
6046,r358,All institutions<sup>a</sup> -> Catholic U. of America,All institutions<sup>a</sup>,Catholic U. of America,2,357,317,188,129,0,353,193,104,89,0,320,124,84,40,0
6046,r359,All institutions<sup>a</sup> -> Columbus State U.,All institutions<sup>a</sup>,Columbus State U.,2,357,317,301,0,16,410,123,113,0,10,241,194,188,0,6
6046,r360,"All institutions<sup>a</sup> -> CUNY, John Jay C. of Criminal Justice",All institutions<sup>a</sup>,"CUNY, John Jay C. of Criminal Justice",2,359,316,316,0,0,400,134,134,0,0,254,182,182,0,0
6046,r361,All institutions<sup>a</sup> -> Indiana U. Pennsylvania,All institutions<sup>a</sup>,Indiana U. Pennsylvania,2,360,315,232,1,82,347,200,130,1,69,328,115,102,0,13
6046,r362,"All institutions<sup>a</sup> -> U. Tennessee, Health Science Center",All institutions<sup>a</sup>,"U. Tennessee, Health Science Center",2,361,314,182,5,127,285,302,170,5,127,561,12,12,0,0
6046,r363,All institutions<sup>a</sup> -> Florida A&M U.,All institutions<sup>a</sup>,Florida A&M U.,2,362,311,204,66,41,313,246,153,59,34,406,65,51,7,7
6046,r364,"All institutions<sup>a</sup> -> California State U., Chico",All institutions<sup>a</sup>,"California State U., Chico",2,362,311,245,0,66,331,223,159,0,64,360,88,86,0,2
6046,r365,All institutions<sup>a</sup> -> U. Hartford,All institutions<sup>a</sup>,U. Hartford,2,364,309,234,75,0,413,122,92,30,0,248,187,142,45,0
6046,r366,All institutions<sup>a</sup> -> U. Northern Iowa,All institutions<sup>a</sup>,U. Northern Iowa,2,365,308,198,0,110,365,175,70,0,105,307,133,128,0,5
6046,r367,All institutions<sup>a</sup> -> Northeastern Illinois U.,All institutions<sup>a</sup>,Northeastern Illinois U.,2,366,305,266,0,39,450,88,73,0,15,224,217,193,0,24
6046,r368,All institutions<sup>a</sup> -> U. of Saint Joseph,All institutions<sup>a</sup>,U. of Saint Joseph,2,366,305,295,0,10,465,82,80,0,2,219,223,215,0,8
6046,r369,All institutions<sup>a</sup> -> Murray State U.,All institutions<sup>a</sup>,Murray State U.,2,368,303,241,0,62,362,178,116,0,62,318,125,125,0,0
6046,r370,All institutions<sup>a</sup> -> Medical C. Wisconsin,All institutions<sup>a</sup>,Medical C. Wisconsin,2,369,302,198,34,70,309,254,198,32,24,447,48,0,2,46
6046,r371,"All institutions<sup>a</sup> -> Minnesota State U., Mankato",All institutions<sup>a</sup>,"Minnesota State U., Mankato",2,369,302,209,21,72,373,166,94,11,61,300,136,115,10,11
6046,r372,All institutions<sup>a</sup> -> Eastern Virginia Medical School,All institutions<sup>a</sup>,Eastern Virginia Medical School,2,371,300,0,0,300,330,224,0,0,224,387,76,0,0,76
6046,r373,All institutions<sup>a</sup> -> Western Washington U.,All institutions<sup>a</sup>,Western Washington U.,2,371,300,244,0,56,333,219,172,0,47,373,81,72,0,9
6046,r374,All institutions<sup>a</sup> -> Northwest Missouri State U.,All institutions<sup>a</sup>,Northwest Missouri State U.,2,371,300,300,0,0,435,103,103,0,0,240,197,197,0,0
6046,r375,"All institutions<sup>a</sup> -> U. Nebraska, Kearney",All institutions<sup>a</sup>,"U. Nebraska, Kearney",2,374,298,258,0,40,450,88,49,0,39,230,210,209,0,1
6046,r376,All institutions<sup>a</sup> -> Tennessee Technological U.,All institutions<sup>a</sup>,Tennessee Technological U.,2,375,297,116,181,0,460,86,39,47,0,229,211,77,134,0
6046,r377,All institutions<sup>a</sup> -> New Mexico Institute of Mining and Technology,All institutions<sup>a</sup>,New Mexico Institute of Mining and Technology,2,376,295,138,157,0,333,219,115,104,0,387,76,23,53,0
6046,r378,All institutions<sup>a</sup> -> Mercer U.,All institutions<sup>a</sup>,Mercer U.,2,377,294,55,61,178,320,231,47,29,155,411,63,8,32,23
6046,r379,All institutions<sup>a</sup> -> Fairleigh Dickinson U.,All institutions<sup>a</sup>,Fairleigh Dickinson U.,2,378,293,255,12,26,329,225,199,9,17,400,68,56,3,9
6046,r380,All institutions<sup>a</sup> -> Scripps Research Institute,All institutions<sup>a</sup>,Scripps Research Institute,2,379,291,291,0,0,288,291,291,0,0,640,0,0,0,0
6046,r381,All institutions<sup>a</sup> -> U. Baltimore,All institutions<sup>a</sup>,U. Baltimore,2,379,291,291,0,0,428,108,108,0,0,253,183,183,0,0
6046,r382,All institutions<sup>a</sup> -> Augusta U.,All institutions<sup>a</sup>,Augusta U.,2,381,288,189,0,99,351,198,147,0,51,355,90,42,0,48
6046,r383,All institutions<sup>a</sup> -> James Madison U.,All institutions<sup>a</sup>,James Madison U.,2,382,286,206,0,80,349,199,140,0,59,362,87,66,0,21
6046,r384,"All institutions<sup>a</sup> -> Inter American U. Puerto Rico, Metro",All institutions<sup>a</sup>,"Inter American U. Puerto Rico, Metro",2,383,285,285,0,0,362,178,178,0,0,334,107,107,0,0
6046,r385,All institutions<sup>a</sup> -> Arkansas State U.,All institutions<sup>a</sup>,Arkansas State U.,2,384,283,202,6,75,369,169,103,0,66,329,114,99,6,9
6046,r386,All institutions<sup>a</sup> -> U. Central Arkansas,All institutions<sup>a</sup>,U. Central Arkansas,2,385,282,113,0,169,375,164,71,0,93,325,118,42,0,76
6046,r387,All institutions<sup>a</sup> -> Emporia State U.,All institutions<sup>a</sup>,Emporia State U.,2,386,279,279,0,0,447,91,91,0,0,246,188,188,0,0
6046,r388,All institutions<sup>a</sup> -> Sage Colleges,All institutions<sup>a</sup>,Sage Colleges,2,387,278,274,0,4,584,31,31,0,0,202,247,243,0,4
6046,r389,"All institutions<sup>a</sup> -> U. Tennessee, Chattanooga",All institutions<sup>a</sup>,"U. Tennessee, Chattanooga",2,388,275,189,49,37,354,191,131,29,31,371,84,58,20,6
6046,r390,All institutions<sup>a</sup> -> U. Wisconsin-La Crosse,All institutions<sup>a</sup>,U. Wisconsin-La Crosse,2,388,275,220,33,22,438,99,63,21,15,258,176,157,12,7
6046,r391,All institutions<sup>a</sup> -> Central Connecticut State U.,All institutions<sup>a</sup>,Central Connecticut State U.,2,390,274,253,21,0,454,87,81,6,0,248,187,172,15,0
6046,r392,All institutions<sup>a</sup> -> Stephen F. Austin State U.,All institutions<sup>a</sup>,Stephen F. Austin State U.,2,391,272,192,0,80,396,139,65,0,74,307,133,127,0,6
6046,r393,All institutions<sup>a</sup> -> Duquesne U.,All institutions<sup>a</sup>,Duquesne U.,2,392,271,160,0,111,324,228,134,0,94,454,43,26,0,17
6046,r394,All institutions<sup>a</sup> -> Lipscomb U.,All institutions<sup>a</sup>,Lipscomb U.,2,393,270,247,6,17,314,245,226,5,14,508,25,21,1,3
6046,r395,All institutions<sup>a</sup> -> Rockefeller U.,All institutions<sup>a</sup>,Rockefeller U.,2,394,268,268,0,0,303,268,268,0,0,640,0,0,0,0
6046,r396,All institutions<sup>a</sup> -> Rush U.,All institutions<sup>a</sup>,Rush U.,2,395,260,44,61,155,361,179,44,61,74,373,81,0,0,81
6046,r397,All institutions<sup>a</sup> -> Indiana State U.,All institutions<sup>a</sup>,Indiana State U.,2,396,258,197,0,61,385,153,93,0,60,339,105,104,0,1
6046,r398,All institutions<sup>a</sup> -> U. Detroit Mercy,All institutions<sup>a</sup>,U. Detroit Mercy,2,397,256,63,168,25,382,157,34,98,25,347,99,29,70,0
6046,r399,"All institutions<sup>a</sup> -> Loyola U., Maryland",All institutions<sup>a</sup>,"Loyola U., Maryland",2,398,254,144,0,110,369,169,59,0,110,367,85,85,0,0
6046,r400,All institutions<sup>a</sup> -> Saint Joseph's U.,All institutions<sup>a</sup>,Saint Joseph's U.,2,399,250,247,0,3,510,60,60,0,0,245,190,187,0,3
6046,r401,All institutions<sup>a</sup> -> Northeastern State U.,All institutions<sup>a</sup>,Northeastern State U.,2,400,248,163,0,85,378,162,93,0,69,364,86,70,0,16
6046,r402,All institutions<sup>a</sup> -> U. Texas Medical Branch,All institutions<sup>a</sup>,U. Texas Medical Branch,2,401,246,236,0,10,358,184,178,0,6,415,62,58,0,4
6046,r403,All institutions<sup>a</sup> -> Eastern New Mexico U.,All institutions<sup>a</sup>,Eastern New Mexico U.,2,402,243,80,0,163,384,154,37,0,117,358,89,43,0,46
6046,r404,All institutions<sup>a</sup> -> U. West Georgia,All institutions<sup>a</sup>,U. West Georgia,2,403,242,175,0,67,386,151,84,0,67,354,91,91,0,0
6046,r405,"All institutions<sup>a</sup> -> SUNY, Polytechnic Institute",All institutions<sup>a</sup>,"SUNY, Polytechnic Institute",2,403,242,171,71,0,430,106,65,41,0,300,136,106,30,0
6046,r406,All institutions<sup>a</sup> -> Chicago State U.,All institutions<sup>a</sup>,Chicago State U.,2,403,242,238,0,4,447,91,90,0,1,284,151,148,0,3
6046,r407,All institutions<sup>a</sup> -> U. Wisconsin-Stout,All institutions<sup>a</sup>,U. Wisconsin-Stout,2,406,241,189,52,0,433,105,95,10,0,300,136,94,42,0
6046,r408,All institutions<sup>a</sup> -> Medical U. South Carolina,All institutions<sup>a</sup>,Medical U. South Carolina,2,407,239,165,0,74,355,189,164,0,25,444,50,1,0,49
6046,r409,All institutions<sup>a</sup> -> U. Wisconsin-Eau Claire,All institutions<sup>a</sup>,U. Wisconsin-Eau Claire,2,407,239,133,0,106,494,69,20,0,49,264,170,113,0,57
6046,r410,All institutions<sup>a</sup> -> U. Indianapolis,All institutions<sup>a</sup>,U. Indianapolis,2,409,237,102,0,135,450,88,52,0,36,285,149,50,0,99
6046,r411,All institutions<sup>a</sup> -> Uniformed Services U. of the Health Sciences,All institutions<sup>a</sup>,Uniformed Services U. of the Health Sciences,2,410,233,147,0,86,341,204,144,0,60,501,29,3,0,26
6046,r412,All institutions<sup>a</sup> -> New Jersey City U.,All institutions<sup>a</sup>,New Jersey City U.,2,411,232,161,0,71,439,98,71,0,27,305,134,90,0,44
6046,r413,All institutions<sup>a</sup> -> Jacksonville U.,All institutions<sup>a</sup>,Jacksonville U.,2,412,231,93,0,138,389,147,21,0,126,371,84,72,0,12
6046,r414,All institutions<sup>a</sup> -> Hood C.,All institutions<sup>a</sup>,Hood C.,2,412,231,231,0,0,499,66,66,0,0,270,165,165,0,0
6046,r415,All institutions<sup>a</sup> -> Prairie View A&M U.,All institutions<sup>a</sup>,Prairie View A&M U.,2,414,230,112,118,0,409,124,79,45,0,337,106,33,73,0
6046,r416,All institutions<sup>a</sup> -> McNeese State U.,All institutions<sup>a</sup>,McNeese State U.,2,415,229,167,12,50,365,175,126,8,41,435,54,41,4,9
6046,r417,"All institutions<sup>a</sup> -> California State U., San Marcos",All institutions<sup>a</sup>,"California State U., San Marcos",2,416,226,202,0,24,413,122,98,0,24,341,104,104,0,0
6046,r418,"All institutions<sup>a</sup> -> U. Michigan, Flint",All institutions<sup>a</sup>,"U. Michigan, Flint",2,417,225,87,1,137,420,118,26,0,92,334,107,61,1,45
6046,r419,All institutions<sup>a</sup> -> Austin Peay State U.,All institutions<sup>a</sup>,Austin Peay State U.,2,417,225,225,0,0,503,63,63,0,0,271,162,162,0,0
6046,r420,"All institutions<sup>a</sup> -> Touro U., Vallejo",All institutions<sup>a</sup>,"Touro U., Vallejo",2,419,223,0,0,223,331,223,0,0,223,640,0,0,0,0
6046,r421,All institutions<sup>a</sup> -> Texas Christian U.,All institutions<sup>a</sup>,Texas Christian U.,2,420,222,160,0,62,336,217,159,0,58,598,5,1,0,4
6046,r422,All institutions<sup>a</sup> -> Manhattan C.,All institutions<sup>a</sup>,Manhattan C.,2,421,221,0,221,0,355,189,0,189,0,491,32,0,32,0
6046,r423,All institutions<sup>a</sup> -> C. of Saint Rose,All institutions<sup>a</sup>,C. of Saint Rose,2,422,219,122,0,97,382,157,67,0,90,415,62,55,0,7
6046,r424,All institutions<sup>a</sup> -> Kansas City U. of Medicine and Biosciences,All institutions<sup>a</sup>,Kansas City U. of Medicine and Biosciences,2,423,217,138,0,79,398,136,136,0,0,373,81,2,0,79
6046,r425,All institutions<sup>a</sup> -> Montana Tech of U. Montana,All institutions<sup>a</sup>,Montana Tech of U. Montana,2,424,213,44,66,103,359,181,43,62,76,491,32,1,4,27
6046,r426,All institutions<sup>a</sup> -> Robert Morris U.,All institutions<sup>a</sup>,Robert Morris U.,2,424,213,163,0,50,680,0,0,0,0,227,213,163,0,50
6046,r427,All institutions<sup>a</sup> -> Northern Kentucky U.,All institutions<sup>a</sup>,Northern Kentucky U.,2,426,212,93,0,119,523,54,26,0,28,276,158,67,0,91
6046,r428,All institutions<sup>a</sup> -> West Texas A&M U.,All institutions<sup>a</sup>,West Texas A&M U.,2,427,211,104,32,75,430,106,43,3,60,339,105,61,29,15
6046,r429,All institutions<sup>a</sup> -> Citadel Military C. South Carolina,All institutions<sup>a</sup>,Citadel Military C. South Carolina,2,428,209,164,19,26,499,66,51,1,14,293,143,113,18,12
6046,r430,All institutions<sup>a</sup> -> Pacific U.,All institutions<sup>a</sup>,Pacific U.,2,429,208,138,0,70,355,189,120,0,69,537,19,18,0,1
6046,r431,All institutions<sup>a</sup> -> Meharry Medical C.,All institutions<sup>a</sup>,Meharry Medical C.,2,430,207,163,0,44,343,203,163,0,40,602,4,0,0,4
6046,r432,All institutions<sup>a</sup> -> U. of the District of Columbia,All institutions<sup>a</sup>,U. of the District of Columbia,2,431,205,150,24,31,392,144,99,16,29,418,61,51,8,2
6046,r433,All institutions<sup>a</sup> -> Western New England U.,All institutions<sup>a</sup>,Western New England U.,2,432,202,166,36,0,549,45,45,0,0,277,157,121,36,0
6046,r434,All institutions<sup>a</sup> -> Southeastern Louisiana U.,All institutions<sup>a</sup>,Southeastern Louisiana U.,2,433,201,98,0,103,380,159,71,0,88,460,42,27,0,15
6046,r435,All institutions<sup>a</sup> -> Valdosta State U.,All institutions<sup>a</sup>,Valdosta State U.,2,434,199,69,0,130,369,169,41,0,128,496,30,28,0,2
6046,r436,All institutions<sup>a</sup> -> U. La Verne,All institutions<sup>a</sup>,U. La Verne,2,434,199,199,0,0,442,96,96,0,0,344,103,103,0,0
6046,r437,"All institutions<sup>a</sup> -> U. Alaska, Anchorage",All institutions<sup>a</sup>,"U. Alaska, Anchorage",2,436,197,101,28,68,499,66,52,6,8,312,131,49,22,60
6046,r438,All institutions<sup>a</sup> -> William Carey U.,All institutions<sup>a</sup>,William Carey U.,2,437,185,115,0,70,421,113,74,0,39,396,72,41,0,31
6046,r439,All institutions<sup>a</sup> -> Loyola Marymount U.,All institutions<sup>a</sup>,Loyola Marymount U.,2,438,181,58,110,13,376,163,55,95,13,539,18,3,15,0
6046,r440,All institutions<sup>a</sup> -> C. Charleston,All institutions<sup>a</sup>,C. Charleston,2,439,180,180,0,0,450,88,88,0,0,352,92,92,0,0
6046,r441,All institutions<sup>a</sup> -> U. Dallas,All institutions<sup>a</sup>,U. Dallas,2,439,180,180,0,0,514,58,58,0,0,321,122,122,0,0
6046,r442,All institutions<sup>a</sup> -> William Paterson U.,All institutions<sup>a</sup>,William Paterson U.,2,441,179,92,0,87,405,128,54,0,74,442,51,38,0,13
6046,r443,All institutions<sup>a</sup> -> Midwestern State U.,All institutions<sup>a</sup>,Midwestern State U.,2,441,179,177,2,0,484,72,72,0,0,334,107,105,2,0
6046,r444,All institutions<sup>a</sup> -> Chatham U.,All institutions<sup>a</sup>,Chatham U.,2,443,176,176,0,0,402,131,131,0,0,452,45,45,0,0
6046,r445,All institutions<sup>a</sup> -> Avila U.,All institutions<sup>a</sup>,Avila U.,2,444,175,175,0,0,391,145,145,0,0,496,30,30,0,0
6046,r446,"All institutions<sup>a</sup> -> Richard Stockton C. New Jersey, The",All institutions<sup>a</sup>,"Richard Stockton C. New Jersey, The",2,444,175,111,0,64,425,112,48,0,64,411,63,63,0,0
6046,r447,All institutions<sup>a</sup> -> U. Houston-Victoria,All institutions<sup>a</sup>,U. Houston-Victoria,2,446,172,172,0,0,454,87,87,0,0,367,85,85,0,0
6046,r448,All institutions<sup>a</sup> -> Southern Arkansas U.,All institutions<sup>a</sup>,Southern Arkansas U.,2,446,172,172,0,0,484,72,72,0,0,346,100,100,0,0
6046,r449,All institutions<sup>a</sup> -> Weber State U.,All institutions<sup>a</sup>,Weber State U.,2,448,170,66,9,95,419,119,25,6,88,442,51,41,3,7
6046,r450,"All institutions<sup>a</sup> -> CUNY, Lehman C.",All institutions<sup>a</sup>,"CUNY, Lehman C.",2,449,166,63,0,103,454,87,15,0,72,379,79,48,0,31
6046,r451,All institutions<sup>a</sup> -> Fort Hays State U.,All institutions<sup>a</sup>,Fort Hays State U.,2,450,165,128,0,37,410,123,87,0,36,460,42,41,0,1
6046,r452,All institutions<sup>a</sup> -> La Salle U.,All institutions<sup>a</sup>,La Salle U.,2,450,165,101,0,64,454,87,35,0,52,381,78,66,0,12
6046,r453,All institutions<sup>a</sup> -> Texas Southern U.,All institutions<sup>a</sup>,Texas Southern U.,2,452,164,149,0,15,429,107,98,0,9,426,57,51,0,6
6046,r454,All institutions<sup>a</sup> -> Arcadia U.,All institutions<sup>a</sup>,Arcadia U.,2,453,156,112,0,44,437,100,60,0,40,429,56,52,0,4
6046,r455,All institutions<sup>a</sup> -> Western Carolina U.,All institutions<sup>a</sup>,Western Carolina U.,2,454,155,91,0,64,392,144,80,0,64,565,11,11,0,0
6046,r456,"All institutions<sup>a</sup> -> California State U., Dominguez Hills",All institutions<sup>a</sup>,"California State U., Dominguez Hills",2,454,155,155,0,0,466,81,81,0,0,393,74,74,0,0
6046,r457,All institutions<sup>a</sup> -> Radford U.,All institutions<sup>a</sup>,Radford U.,2,456,154,88,0,66,401,133,67,0,66,524,21,21,0,0
6046,r458,All institutions<sup>a</sup> -> Norfolk State U.,All institutions<sup>a</sup>,Norfolk State U.,2,456,154,131,23,0,444,93,83,10,0,418,61,48,13,0
6046,r459,All institutions<sup>a</sup> -> Clark Atlanta U.,All institutions<sup>a</sup>,Clark Atlanta U.,2,456,154,154,0,0,454,87,87,0,0,401,67,67,0,0
6046,r460,All institutions<sup>a</sup> -> Morehouse School of Medicine,All institutions<sup>a</sup>,Morehouse School of Medicine,2,459,152,96,0,56,395,142,94,0,48,572,10,2,0,8
6046,r461,All institutions<sup>a</sup> -> Sul Ross State U.,All institutions<sup>a</sup>,Sul Ross State U.,2,460,146,113,0,33,572,36,35,0,1,332,110,78,0,32
6046,r462,All institutions<sup>a</sup> -> East Stroudsburg U. Pennsylvania,All institutions<sup>a</sup>,East Stroudsburg U. Pennsylvania,2,461,145,34,0,111,416,120,25,0,95,508,25,9,0,16
6046,r463,All institutions<sup>a</sup> -> Worcester State U.,All institutions<sup>a</sup>,Worcester State U.,2,462,143,53,0,90,421,113,48,0,65,496,30,5,0,25
6046,r464,All institutions<sup>a</sup> -> Abilene Christian U.,All institutions<sup>a</sup>,Abilene Christian U.,2,463,142,30,0,112,399,135,23,0,112,585,7,7,0,0
6046,r465,All institutions<sup>a</sup> -> Commonwealth Medical C.,All institutions<sup>a</sup>,Commonwealth Medical C.,2,464,141,141,0,0,397,137,137,0,0,602,4,4,0,0
6046,r466,All institutions<sup>a</sup> -> Hawaii Pacific U.,All institutions<sup>a</sup>,Hawaii Pacific U.,2,464,141,119,0,22,439,98,82,0,16,454,43,37,0,6
6046,r467,All institutions<sup>a</sup> -> American International C.,All institutions<sup>a</sup>,American International C.,2,466,140,140,0,0,416,120,120,0,0,531,20,20,0,0
6046,r468,All institutions<sup>a</sup> -> U. Wisconsin-Stevens Point,All institutions<sup>a</sup>,U. Wisconsin-Stevens Point,2,466,140,87,0,53,468,80,27,0,53,422,60,60,0,0
6046,r469,All institutions<sup>a</sup> -> Tuskegee U.,All institutions<sup>a</sup>,Tuskegee U.,2,468,139,109,21,9,415,121,91,21,9,539,18,18,0,0
6046,r470,All institutions<sup>a</sup> -> Niagara U.,All institutions<sup>a</sup>,Niagara U.,2,468,139,139,0,0,462,85,85,0,0,435,54,54,0,0
6046,r471,All institutions<sup>a</sup> -> Salem State U.,All institutions<sup>a</sup>,Salem State U.,2,470,138,138,0,0,499,66,66,0,0,396,72,72,0,0
6046,r472,"All institutions<sup>a</sup> -> St. Mary's U., San Antonio",All institutions<sup>a</sup>,"St. Mary's U., San Antonio",2,471,135,98,37,0,494,69,50,19,0,404,66,48,18,0
6046,r473,"All institutions<sup>a</sup> -> SUNY, New Paltz",All institutions<sup>a</sup>,"SUNY, New Paltz",2,472,134,64,8,62,433,105,44,3,58,501,29,20,5,4
6046,r474,All institutions<sup>a</sup> -> Nicholls State U.,All institutions<sup>a</sup>,Nicholls State U.,2,472,134,134,0,0,472,78,78,0,0,429,56,56,0,0
6046,r475,All institutions<sup>a</sup> -> Youngstown State U.,All institutions<sup>a</sup>,Youngstown State U.,2,474,132,91,41,0,416,120,81,39,0,561,12,10,2,0
6046,r476,All institutions<sup>a</sup> -> Millersville U. Pennsylvania,All institutions<sup>a</sup>,Millersville U. Pennsylvania,2,474,132,132,0,0,523,54,54,0,0,381,78,78,0,0
6046,r477,All institutions<sup>a</sup> -> Iona C.,All institutions<sup>a</sup>,Iona C.,2,476,131,76,0,55,421,113,58,0,55,539,18,18,0,0
6046,r478,All institutions<sup>a</sup> -> Quinnipiac U.,All institutions<sup>a</sup>,Quinnipiac U.,2,477,130,130,0,0,550,44,44,0,0,364,86,86,0,0
6046,r479,All institutions<sup>a</sup> -> Campbell U.,All institutions<sup>a</sup>,Campbell U.,2,478,129,0,0,129,406,127,0,0,127,618,2,0,0,2
6046,r480,All institutions<sup>a</sup> -> Lincoln Memorial U.,All institutions<sup>a</sup>,Lincoln Memorial U.,2,479,127,127,0,0,436,101,101,0,0,505,26,26,0,0
6046,r481,All institutions<sup>a</sup> -> Creighton U.,All institutions<sup>a</sup>,Creighton U.,2,479,127,44,0,83,472,78,41,0,37,446,49,3,0,46
6046,r482,All institutions<sup>a</sup> -> California Lutheran U.,All institutions<sup>a</sup>,California Lutheran U.,2,481,126,126,0,0,460,86,86,0,0,465,40,40,0,0
6046,r483,All institutions<sup>a</sup> -> MGH Institute of Health Professions,All institutions<sup>a</sup>,MGH Institute of Health Professions,2,482,125,0,0,125,407,125,0,0,125,640,0,0,0,0
6046,r484,All institutions<sup>a</sup> -> Florida Gulf Coast U.,All institutions<sup>a</sup>,Florida Gulf Coast U.,2,482,125,73,18,34,533,50,36,1,13,390,75,37,17,21
6046,r485,"All institutions<sup>a</sup> -> Des Moines U., Osteopathic Medical Center",All institutions<sup>a</sup>,"Des Moines U., Osteopathic Medical Center",2,482,125,48,0,77,574,35,34,0,1,355,90,14,0,76
6046,r486,All institutions<sup>a</sup> -> Frederick S. Pardee RAND Graduate School,All institutions<sup>a</sup>,Frederick S. Pardee RAND Graduate School,2,485,123,123,0,0,410,123,123,0,0,640,0,0,0,0
6046,r487,All institutions<sup>a</sup> -> Wayland Baptist U.,All institutions<sup>a</sup>,Wayland Baptist U.,2,486,122,122,0,0,464,83,83,0,0,469,39,39,0,0
6046,r488,"All institutions<sup>a</sup> -> California State U., Monterey Bay",All institutions<sup>a</sup>,"California State U., Monterey Bay",2,486,122,122,0,0,478,74,74,0,0,447,48,48,0,0
6046,r489,All institutions<sup>a</sup> -> Molloy C.,All institutions<sup>a</sup>,Molloy C.,2,488,121,16,0,105,463,84,11,0,73,477,37,5,0,32
6046,r490,"All institutions<sup>a</sup> -> U. Maryland, Eastern Shore",All institutions<sup>a</sup>,"U. Maryland, Eastern Shore",2,488,121,114,0,7,559,41,40,0,1,378,80,74,0,6
6046,r491,All institutions<sup>a</sup> -> Slippery Rock U. Pennsylvania,All institutions<sup>a</sup>,Slippery Rock U. Pennsylvania,2,490,120,81,0,39,498,67,32,0,35,437,53,49,0,4
6046,r492,"All institutions<sup>a</sup> -> Southern U., New Orleans",All institutions<sup>a</sup>,"Southern U., New Orleans",2,490,120,120,0,0,533,50,50,0,0,399,70,70,0,0
6046,r493,All institutions<sup>a</sup> -> U. North Alabama,All institutions<sup>a</sup>,U. North Alabama,2,492,119,116,3,0,557,42,42,0,0,384,77,74,3,0
6046,r494,"All institutions<sup>a</sup> -> Texas A&M U., San Antonio",All institutions<sup>a</sup>,"Texas A&M U., San Antonio",2,493,118,106,0,12,550,44,38,0,6,393,74,68,0,6
6046,r495,All institutions<sup>a</sup> -> Fayetteville State U.,All institutions<sup>a</sup>,Fayetteville State U.,2,494,117,99,0,18,517,56,41,0,15,418,61,58,0,3
6046,r496,All institutions<sup>a</sup> -> Dominican U. California,All institutions<sup>a</sup>,Dominican U. California,2,495,115,115,0,0,468,80,80,0,0,484,35,35,0,0
6046,r497,All institutions<sup>a</sup> -> U. Wisconsin-Green Bay,All institutions<sup>a</sup>,U. Wisconsin-Green Bay,2,495,115,115,0,0,618,19,19,0,0,349,96,96,0,0
6046,r498,All institutions<sup>a</sup> -> Pittsburg State U.,All institutions<sup>a</sup>,Pittsburg State U.,2,497,114,90,0,24,444,93,79,0,14,524,21,11,0,10
6046,r499,All institutions<sup>a</sup> -> Suffolk U.,All institutions<sup>a</sup>,Suffolk U.,2,497,114,93,0,21,489,71,58,0,13,454,43,35,0,8
6046,r500,All institutions<sup>a</sup> -> Cameron U.,All institutions<sup>a</sup>,Cameron U.,2,497,114,114,0,0,515,57,57,0,0,426,57,57,0,0
6046,r501,"All institutions<sup>a</sup> -> SUNY, Upstate Medical U.",All institutions<sup>a</sup>,"SUNY, Upstate Medical U.",2,500,113,113,0,0,421,113,113,0,0,640,0,0,0,0
6046,r502,All institutions<sup>a</sup> -> Northern Michigan U.,All institutions<sup>a</sup>,Northern Michigan U.,2,500,113,80,0,33,478,74,58,0,16,469,39,22,0,17
6046,r503,All institutions<sup>a</sup> -> Wesleyan U.,All institutions<sup>a</sup>,Wesleyan U.,2,502,109,109,0,0,426,109,109,0,0,640,0,0,0,0
6046,r504,"All institutions<sup>a</sup> -> CUNY, C. Staten Island",All institutions<sup>a</sup>,"CUNY, C. Staten Island",2,503,108,97,11,0,632,14,14,0,0,351,94,83,11,0
6046,r505,All institutions<sup>a</sup> -> Delaware State U.,All institutions<sup>a</sup>,Delaware State U.,2,504,107,99,0,8,442,96,88,0,8,565,11,11,0,0
6046,r506,All institutions<sup>a</sup> -> Clarion U. Pennsylvania,All institutions<sup>a</sup>,Clarion U. Pennsylvania,2,504,107,16,0,91,481,73,0,0,73,486,34,16,0,18
6046,r507,All institutions<sup>a</sup> -> Yeshiva U.,All institutions<sup>a</sup>,Yeshiva U.,2,504,107,107,0,0,491,70,70,0,0,477,37,37,0,0
6046,r508,"All institutions<sup>a</sup> -> SUNY, Oswego",All institutions<sup>a</sup>,"SUNY, Oswego",2,504,107,44,0,63,550,44,32,0,12,411,63,12,0,51
6046,r509,All institutions<sup>a</sup> -> Texas A&M International U.,All institutions<sup>a</sup>,Texas A&M International U.,2,508,105,105,0,0,588,30,30,0,0,390,75,75,0,0
6046,r510,All institutions<sup>a</sup> -> Marywood U.,All institutions<sup>a</sup>,Marywood U.,2,509,104,80,0,24,441,97,73,0,24,585,7,7,0,0
6046,r511,All institutions<sup>a</sup> -> Indiana Institute of Technology,All institutions<sup>a</sup>,Indiana Institute of Technology,2,509,104,104,0,0,491,70,70,0,0,486,34,34,0,0
6046,r512,All institutions<sup>a</sup> -> Monmouth U.,All institutions<sup>a</sup>,Monmouth U.,2,509,104,89,15,0,561,40,35,5,0,407,64,54,10,0
6046,r513,"All institutions<sup>a</sup> -> U. Hawaii, Hilo",All institutions<sup>a</sup>,"U. Hawaii, Hilo",2,512,103,96,0,7,517,56,54,0,2,451,47,42,0,5
6046,r514,"All institutions<sup>a</sup> -> U. Texas, Permian Basin",All institutions<sup>a</sup>,"U. Texas, Permian Basin",2,512,103,81,7,15,530,51,40,6,5,439,52,41,1,10
6046,r515,"All institutions<sup>a</sup> -> SUNY, Buffalo State",All institutions<sup>a</sup>,"SUNY, Buffalo State",2,512,103,91,12,0,563,39,38,1,0,407,64,53,11,0
6046,r516,All institutions<sup>a</sup> -> U. Wisconsin-Oshkosh,All institutions<sup>a</sup>,U. Wisconsin-Oshkosh,2,512,103,103,0,0,632,14,14,0,0,358,89,89,0,0
6046,r517,"All institutions<sup>a</sup> -> Inter American U. Puerto Rico, San German",All institutions<sup>a</sup>,"Inter American U. Puerto Rico, San German",2,516,102,102,0,0,632,14,14,0,0,360,88,88,0,0
6046,r518,All institutions<sup>a</sup> -> Shippensburg U. Pennsylvania,All institutions<sup>a</sup>,Shippensburg U. Pennsylvania,2,517,101,101,0,0,537,49,49,0,0,439,52,52,0,0
6046,r519,All institutions<sup>a</sup> -> Salus U.,All institutions<sup>a</sup>,Salus U.,2,518,98,12,0,86,446,92,7,0,85,592,6,5,0,1
6046,r520,All institutions<sup>a</sup> -> U. del Turabo,All institutions<sup>a</sup>,U. del Turabo,2,518,98,81,17,0,563,39,29,10,0,423,59,52,7,0
6046,r521,All institutions<sup>a</sup> -> Framingham State C.,All institutions<sup>a</sup>,Framingham State C.,2,518,98,98,0,0,637,12,12,0,0,364,86,86,0,0
6046,r522,"All institutions<sup>a</sup> -> California State U., Bakersfield",All institutions<sup>a</sup>,"California State U., Bakersfield",2,521,97,97,0,0,476,75,75,0,0,518,22,22,0,0
6046,r523,"All institutions<sup>a</sup> -> Oklahoma State U., Center for Health Sciences",All institutions<sup>a</sup>,"Oklahoma State U., Center for Health Sciences",2,521,97,97,0,0,481,73,73,0,0,511,24,24,0,0
6046,r524,All institutions<sup>a</sup> -> Frostburg State U.,All institutions<sup>a</sup>,Frostburg State U.,2,523,96,96,0,0,540,48,48,0,0,447,48,48,0,0
6046,r525,All institutions<sup>a</sup> -> Texas A&M U.-Central Texas,All institutions<sup>a</sup>,Texas A&M U.-Central Texas,2,523,96,96,0,0,666,4,4,0,0,352,92,92,0,0
6046,r526,All institutions<sup>a</sup> -> Hampton U.,All institutions<sup>a</sup>,Hampton U.,2,525,95,59,0,36,484,72,49,0,23,514,23,10,0,13
6046,r527,All institutions<sup>a</sup> -> Jacksonville State U.,All institutions<sup>a</sup>,Jacksonville State U.,2,525,95,95,0,0,523,54,54,0,0,463,41,41,0,0
6046,r528,All institutions<sup>a</sup> -> Sonoma State U.,All institutions<sup>a</sup>,Sonoma State U.,2,527,93,93,0,0,476,75,75,0,0,539,18,18,0,0
6046,r529,All institutions<sup>a</sup> -> Western State Colorado U.,All institutions<sup>a</sup>,Western State Colorado U.,2,527,93,93,0,0,484,72,72,0,0,524,21,21,0,0
6046,r530,All institutions<sup>a</sup> -> Tiffin U.,All institutions<sup>a</sup>,Tiffin U.,2,527,93,93,0,0,521,55,55,0,0,473,38,38,0,0
6046,r531,All institutions<sup>a</sup> -> Mississippi U. for Women,All institutions<sup>a</sup>,Mississippi U. for Women,2,530,92,8,0,84,484,72,2,0,70,531,20,6,0,14
6046,r532,All institutions<sup>a</sup> -> Metropolitan State U.,All institutions<sup>a</sup>,Metropolitan State U.,2,530,92,86,0,6,629,15,9,0,6,384,77,77,0,0
6046,r533,All institutions<sup>a</sup> -> Andrews U.,All institutions<sup>a</sup>,Andrews U.,2,532,91,91,0,0,466,81,81,0,0,572,10,10,0,0
6046,r534,All institutions<sup>a</sup> -> Oklahoma Christian U.,All institutions<sup>a</sup>,Oklahoma Christian U.,2,532,91,0,91,0,563,39,0,39,0,439,52,0,52,0
6046,r535,"All institutions<sup>a</sup> -> City of Hope, Irell and Manella Graduate School of Biological Sciences",All institutions<sup>a</sup>,"City of Hope, Irell and Manella Graduate School of Biological Sciences",2,534,90,90,0,0,449,90,90,0,0,640,0,0,0,0
6046,r536,All institutions<sup>a</sup> -> Bastyr U.,All institutions<sup>a</sup>,Bastyr U.,2,534,90,90,0,0,470,79,79,0,0,565,11,11,0,0
6046,r537,All institutions<sup>a</sup> -> Fitchburg State U.,All institutions<sup>a</sup>,Fitchburg State U.,2,534,90,90,0,0,496,68,68,0,0,518,22,22,0,0
6046,r538,All institutions<sup>a</sup> -> Aurora U.,All institutions<sup>a</sup>,Aurora U.,2,534,90,43,0,47,533,50,22,0,28,465,40,21,0,19
6046,r539,All institutions<sup>a</sup> -> Memorial Sloan Kettering Cancer Center,All institutions<sup>a</sup>,Memorial Sloan Kettering Cancer Center,2,538,88,88,0,0,470,79,79,0,0,578,9,9,0,0
6046,r540,All institutions<sup>a</sup> -> Southern Nazarene U.,All institutions<sup>a</sup>,Southern Nazarene U.,2,539,87,87,0,0,454,87,87,0,0,640,0,0,0,0
6046,r541,All institutions<sup>a</sup> -> Cedars-Sinai Medical Center,All institutions<sup>a</sup>,Cedars-Sinai Medical Center,2,539,87,87,0,0,530,51,51,0,0,481,36,36,0,0
6046,r542,All institutions<sup>a</sup> -> U. of the Incarnate Word,All institutions<sup>a</sup>,U. of the Incarnate Word,2,541,83,71,0,12,474,76,65,0,11,585,7,6,0,1
6046,r543,All institutions<sup>a</sup> -> Virginia State U.,All institutions<sup>a</sup>,Virginia State U.,2,541,83,83,0,0,508,62,62,0,0,524,21,21,0,0
6046,r544,All institutions<sup>a</sup> -> Bridgewater State U.,All institutions<sup>a</sup>,Bridgewater State U.,2,541,83,83,0,0,540,48,48,0,0,484,35,35,0,0
6046,r545,All institutions<sup>a</sup> -> Bowie State U.,All institutions<sup>a</sup>,Bowie State U.,2,544,82,82,0,0,550,44,44,0,0,473,38,38,0,0
6046,r546,All institutions<sup>a</sup> -> Canisius C.,All institutions<sup>a</sup>,Canisius C.,2,544,82,67,0,15,595,29,19,0,10,437,53,48,0,5
6046,r547,All institutions<sup>a</sup> -> U. Guam,All institutions<sup>a</sup>,U. Guam,2,544,82,82,0,0,603,24,24,0,0,424,58,58,0,0
6046,r548,All institutions<sup>a</sup> -> Alcorn State U.,All institutions<sup>a</sup>,Alcorn State U.,2,547,81,81,0,0,556,43,43,0,0,473,38,38,0,0
6046,r549,All institutions<sup>a</sup> -> Valparaiso U.,All institutions<sup>a</sup>,Valparaiso U.,2,548,80,80,0,0,496,68,68,0,0,561,12,12,0,0
6046,r550,All institutions<sup>a</sup> -> Evergreen State C.,All institutions<sup>a</sup>,Evergreen State C.,2,548,80,80,0,0,563,39,39,0,0,463,41,41,0,0
6046,r551,All institutions<sup>a</sup> -> LeTourneau U.,All institutions<sup>a</sup>,LeTourneau U.,2,548,80,70,10,0,627,16,9,7,0,407,64,61,3,0
6046,r552,All institutions<sup>a</sup> -> Vanguard U. of Southern California,All institutions<sup>a</sup>,Vanguard U. of Southern California,2,551,79,79,0,0,474,76,76,0,0,612,3,3,0,0
6046,r553,All institutions<sup>a</sup> -> Lindenwood U.,All institutions<sup>a</sup>,Lindenwood U.,2,552,78,39,0,39,489,71,37,0,34,585,7,2,0,5
6046,r554,All institutions<sup>a</sup> -> Bradley U.,All institutions<sup>a</sup>,Bradley U.,2,553,77,34,43,0,526,53,27,26,0,511,24,7,17,0
6046,r555,All institutions<sup>a</sup> -> Gannon U.,All institutions<sup>a</sup>,Gannon U.,2,553,77,39,38,0,543,47,22,25,0,496,30,17,13,0
6046,r556,All institutions<sup>a</sup> -> Southeast Missouri State U.,All institutions<sup>a</sup>,Southeast Missouri State U.,2,553,77,77,0,0,559,41,41,0,0,481,36,36,0,0
6046,r557,All institutions<sup>a</sup> -> Charles R. Drew U. of Medicine and Science,All institutions<sup>a</sup>,Charles R. Drew U. of Medicine and Science,2,556,75,34,0,41,481,73,33,0,40,618,2,1,0,1
6046,r558,All institutions<sup>a</sup> -> Endicott C.,All institutions<sup>a</sup>,Endicott C.,2,556,75,54,0,21,581,32,32,0,0,454,43,22,0,21
6046,r559,"All institutions<sup>a</sup> -> SUNY, C. Cortland",All institutions<sup>a</sup>,"SUNY, C. Cortland",2,558,74,3,0,71,527,52,3,0,49,518,22,0,0,22
6046,r560,"All institutions<sup>a</sup> -> Minnesota State U., Moorhead",All institutions<sup>a</sup>,"Minnesota State U., Moorhead",2,559,73,26,0,47,503,63,16,0,47,572,10,10,0,0
6046,r561,All institutions<sup>a</sup> -> Springfield C.,All institutions<sup>a</sup>,Springfield C.,2,559,73,66,0,7,512,59,53,0,6,551,14,13,0,1
6046,r562,All institutions<sup>a</sup> -> New Mexico Highlands U.,All institutions<sup>a</sup>,New Mexico Highlands U.,2,559,73,73,0,0,543,47,47,0,0,505,26,26,0,0
6046,r563,All institutions<sup>a</sup> -> Widener U.,All institutions<sup>a</sup>,Widener U.,2,559,73,0,30,43,569,37,0,22,15,481,36,0,8,28
6046,r564,"All institutions<sup>a</sup> -> SUNY, C. Brockport",All institutions<sup>a</sup>,"SUNY, C. Brockport",2,559,73,58,0,15,578,33,25,0,8,465,40,33,0,7
6046,r565,All institutions<sup>a</sup> -> Florida Polytechnic U.,All institutions<sup>a</sup>,Florida Polytechnic U.,2,564,72,44,28,0,503,63,38,25,0,578,9,6,3,0
6046,r566,All institutions<sup>a</sup> -> Cooper Union for the Advancement of Science and Art,All institutions<sup>a</sup>,Cooper Union for the Advancement of Science and Art,2,564,72,0,72,0,595,29,0,29,0,454,43,0,43,0
6046,r567,All institutions<sup>a</sup> -> Bloomsburg U. Pennsylvania,All institutions<sup>a</sup>,Bloomsburg U. Pennsylvania,2,566,71,9,0,62,503,63,1,0,62,581,8,8,0,0
6046,r568,All institutions<sup>a</sup> -> Gallaudet U.,All institutions<sup>a</sup>,Gallaudet U.,2,566,71,38,0,33,530,51,21,0,30,531,20,17,0,3
6046,r569,All institutions<sup>a</sup> -> Albany Medical C.,All institutions<sup>a</sup>,Albany Medical C.,2,568,70,70,0,0,491,70,70,0,0,640,0,0,0,0
6046,r570,All institutions<sup>a</sup> -> Oklahoma City U.,All institutions<sup>a</sup>,Oklahoma City U.,2,568,70,51,0,19,569,37,31,0,6,490,33,20,0,13
6046,r571,All institutions<sup>a</sup> -> Xavier U.,All institutions<sup>a</sup>,Xavier U.,2,570,69,41,0,28,588,30,29,0,1,469,39,12,0,27
6046,r572,All institutions<sup>a</sup> -> South Carolina State U.,All institutions<sup>a</sup>,South Carolina State U.,2,571,68,0,0,68,515,57,0,0,57,565,11,0,0,11
6046,r573,All institutions<sup>a</sup> -> Mercyhurst U.,All institutions<sup>a</sup>,Mercyhurst U.,2,572,67,67,0,0,537,49,49,0,0,539,18,18,0,0
6046,r574,All institutions<sup>a</sup> -> Edinboro U. Pennsylvania,All institutions<sup>a</sup>,Edinboro U. Pennsylvania,2,572,67,26,0,41,546,46,5,0,41,524,21,21,0,0
6046,r575,All institutions<sup>a</sup> -> Georgia C. and State U.,All institutions<sup>a</sup>,Georgia C. and State U.,2,572,67,21,0,46,578,33,17,0,16,486,34,4,0,30
6046,r576,"All institutions<sup>a</sup> -> SUNY, Fredonia",All institutions<sup>a</sup>,"SUNY, Fredonia",2,575,66,20,0,46,508,62,16,0,46,602,4,4,0,0
6046,r577,All institutions<sup>a</sup> -> U. West Alabama,All institutions<sup>a</sup>,U. West Alabama,2,575,66,66,0,0,517,56,56,0,0,572,10,10,0,0
6046,r578,All institutions<sup>a</sup> -> Fort Valley State U.,All institutions<sup>a</sup>,Fort Valley State U.,2,577,65,20,0,45,557,42,18,0,24,514,23,2,0,21
6046,r579,"All institutions<sup>a</sup> -> U. Arkansas, Pine Bluff",All institutions<sup>a</sup>,"U. Arkansas, Pine Bluff",2,578,64,64,0,0,533,50,50,0,0,551,14,14,0,0
6046,r580,All institutions<sup>a</sup> -> Oregon Institute of Technology,All institutions<sup>a</sup>,Oregon Institute of Technology,2,578,64,18,46,0,603,24,7,17,0,465,40,11,29,0
6046,r581,All institutions<sup>a</sup> -> U. of Saint Mary,All institutions<sup>a</sup>,U. of Saint Mary,2,580,62,62,0,0,517,56,56,0,0,592,6,6,0,0
6046,r582,All institutions<sup>a</sup> -> U. Wisconsin-Whitewater,All institutions<sup>a</sup>,U. Wisconsin-Whitewater,2,580,62,35,0,27,521,55,28,0,27,585,7,7,0,0
6046,r583,All institutions<sup>a</sup> -> Coastal Carolina U.,All institutions<sup>a</sup>,Coastal Carolina U.,2,580,62,62,0,0,584,31,31,0,0,494,31,31,0,0
6046,r584,All institutions<sup>a</sup> -> California U. of Science and Medicine,All institutions<sup>a</sup>,California U. of Science and Medicine,2,583,60,60,0,0,510,60,60,0,0,640,0,0,0,0
6046,r585,All institutions<sup>a</sup> -> U. Montevallo,All institutions<sup>a</sup>,U. Montevallo,2,584,59,0,0,59,512,59,0,0,59,640,0,0,0,0
6046,r586,All institutions<sup>a</sup> -> Caldwell U.,All institutions<sup>a</sup>,Caldwell U.,2,585,57,57,0,0,675,1,1,0,0,429,56,56,0,0
6046,r587,All institutions<sup>a</sup> -> DeSales U.,All institutions<sup>a</sup>,DeSales U.,2,586,56,54,0,2,610,22,21,0,1,486,34,33,0,1
6046,r588,All institutions<sup>a</sup> -> Western U. of Health Sciences,All institutions<sup>a</sup>,Western U. of Health Sciences,2,587,54,40,0,14,581,32,22,0,10,518,22,18,0,4
6046,r589,All institutions<sup>a</sup> -> Roger Williams U.,All institutions<sup>a</sup>,Roger Williams U.,2,587,54,54,0,0,584,31,31,0,0,514,23,23,0,0
6046,r590,All institutions<sup>a</sup> -> Arkansas Tech U.,All institutions<sup>a</sup>,Arkansas Tech U.,2,587,54,44,10,0,610,22,15,7,0,491,32,29,3,0
6046,r591,All institutions<sup>a</sup> -> Kettering U.,All institutions<sup>a</sup>,Kettering U.,2,587,54,0,54,0,624,17,0,17,0,477,37,0,37,0
6046,r592,All institutions<sup>a</sup> -> Cold Spring Harbor Laboratory,All institutions<sup>a</sup>,Cold Spring Harbor Laboratory,2,591,52,52,0,0,527,52,52,0,0,640,0,0,0,0
6046,r593,All institutions<sup>a</sup> -> Kentucky State U.,All institutions<sup>a</sup>,Kentucky State U.,2,592,51,51,0,0,599,27,27,0,0,511,24,24,0,0
6046,r594,All institutions<sup>a</sup> -> Drew U.,All institutions<sup>a</sup>,Drew U.,2,593,50,11,0,39,637,12,6,0,6,473,38,5,0,33
6046,r595,All institutions<sup>a</sup> -> Biola U.,All institutions<sup>a</sup>,Biola U.,2,594,49,49,0,0,540,48,48,0,0,629,1,1,0,0
6046,r596,All institutions<sup>a</sup> -> Gonzaga U.,All institutions<sup>a</sup>,Gonzaga U.,2,594,49,32,17,0,603,24,24,0,0,508,25,8,17,0
6046,r597,All institutions<sup>a</sup> -> Winthrop U.,All institutions<sup>a</sup>,Winthrop U.,2,596,48,48,0,0,546,46,46,0,0,618,2,2,0,0
6046,r598,All institutions<sup>a</sup> -> St. Thomas U.,All institutions<sup>a</sup>,St. Thomas U.,2,596,48,37,0,11,550,44,33,0,11,602,4,4,0,0
6046,r599,All institutions<sup>a</sup> -> Longwood U.,All institutions<sup>a</sup>,Longwood U.,2,598,47,0,0,47,543,47,0,0,47,640,0,0,0,0
6046,r600,All institutions<sup>a</sup> -> Bard C.,All institutions<sup>a</sup>,Bard C.,2,598,47,47,0,0,546,46,46,0,0,629,1,1,0,0
6046,r601,All institutions<sup>a</sup> -> U. of the Virgin Islands,All institutions<sup>a</sup>,U. of the Virgin Islands,2,600,46,46,0,0,561,40,40,0,0,592,6,6,0,0
6046,r602,All institutions<sup>a</sup> -> John Carroll U.,All institutions<sup>a</sup>,John Carroll U.,2,600,46,46,0,0,576,34,34,0,0,561,12,12,0,0
6046,r603,"All institutions<sup>a</sup> -> Toyota Technological Institute, Chicago",All institutions<sup>a</sup>,"Toyota Technological Institute, Chicago",2,602,44,44,0,0,550,44,44,0,0,640,0,0,0,0
6046,r604,All institutions<sup>a</sup> -> Alfred U.,All institutions<sup>a</sup>,Alfred U.,2,603,43,0,43,0,588,30,0,30,0,558,13,0,13,0
6046,r605,All institutions<sup>a</sup> -> Calvin C.,All institutions<sup>a</sup>,Calvin C.,2,604,41,0,0,41,563,39,0,0,39,618,2,0,0,2
6046,r606,"All institutions<sup>a</sup> -> SUNY, C. Plattsburgh",All institutions<sup>a</sup>,"SUNY, C. Plattsburgh",2,604,41,41,0,0,588,30,30,0,0,565,11,11,0,0
6046,r607,All institutions<sup>a</sup> -> Christopher Newport U.,All institutions<sup>a</sup>,Christopher Newport U.,2,604,41,41,0,0,618,19,19,0,0,518,22,22,0,0
6046,r608,"All institutions<sup>a</sup> -> Northeastern Ohio Universities, C. of Medicine",All institutions<sup>a</sup>,"Northeastern Ohio Universities, C. of Medicine",2,607,40,15,0,25,572,36,15,0,21,602,4,0,0,4
6046,r609,"All institutions<sup>a</sup> -> U. Texas Health Science Center, Tyler",All institutions<sup>a</sup>,"U. Texas Health Science Center, Tyler",2,607,40,10,0,30,600,26,10,0,16,551,14,0,0,14
6046,r610,All institutions<sup>a</sup> -> Wilkes U.,All institutions<sup>a</sup>,Wilkes U.,2,607,40,4,11,25,646,10,1,9,0,496,30,3,2,25
6046,r611,All institutions<sup>a</sup> -> Truman State U.,All institutions<sup>a</sup>,Truman State U.,2,610,39,0,0,39,569,37,0,0,37,618,2,0,0,2
6046,r612,All institutions<sup>a</sup> -> U. of Mary Hardin Baylor,All institutions<sup>a</sup>,U. of Mary Hardin Baylor,2,610,39,39,0,0,578,33,33,0,0,592,6,6,0,0
6046,r613,All institutions<sup>a</sup> -> Loras C.,All institutions<sup>a</sup>,Loras C.,2,610,39,39,0,0,584,31,31,0,0,581,8,8,0,0
6046,r614,All institutions<sup>a</sup> -> Van Andel Institute,All institutions<sup>a</sup>,Van Andel Institute,2,613,38,38,0,0,568,38,38,0,0,640,0,0,0,0
6046,r615,All institutions<sup>a</sup> -> Ithaca C.,All institutions<sup>a</sup>,Ithaca C.,2,613,38,38,0,0,603,24,24,0,0,551,14,14,0,0
6046,r616,All institutions<sup>a</sup> -> Mills C.,All institutions<sup>a</sup>,Mills C.,2,615,37,37,0,0,608,23,23,0,0,551,14,14,0,0
6046,r617,All institutions<sup>a</sup> -> Bryn Mawr C.,All institutions<sup>a</sup>,Bryn Mawr C.,2,616,36,36,0,0,574,35,35,0,0,629,1,1,0,0
6046,r618,All institutions<sup>a</sup> -> Kutztown U. Pennsylvania,All institutions<sup>a</sup>,Kutztown U. Pennsylvania,2,617,35,35,0,0,612,21,21,0,0,551,14,14,0,0
6046,r619,All institutions<sup>a</sup> -> Smith C.,All institutions<sup>a</sup>,Smith C.,2,617,35,11,0,24,615,20,0,0,20,547,15,11,0,4
6046,r620,All institutions<sup>a</sup> -> Pacific States U.,All institutions<sup>a</sup>,Pacific States U.,2,619,34,34,0,0,576,34,34,0,0,640,0,0,0,0
6046,r621,All institutions<sup>a</sup> -> Morehead State U.,All institutions<sup>a</sup>,Morehead State U.,2,619,34,34,0,0,618,19,19,0,0,547,15,15,0,0
6046,r622,All institutions<sup>a</sup> -> Bethune-Cookman U.,All institutions<sup>a</sup>,Bethune-Cookman U.,2,621,33,25,0,8,588,30,22,0,8,612,3,3,0,0
6046,r623,All institutions<sup>a</sup> -> Saint Martin's U.,All institutions<sup>a</sup>,Saint Martin's U.,2,621,33,15,18,0,597,28,14,14,0,598,5,1,4,0
6046,r624,All institutions<sup>a</sup> -> Sanford-Burnham Medical Research Institute,All institutions<sup>a</sup>,Sanford-Burnham Medical Research Institute,2,623,32,32,0,0,581,32,32,0,0,640,0,0,0,0
6046,r625,All institutions<sup>a</sup> -> Fisk U.,All institutions<sup>a</sup>,Fisk U.,2,624,31,31,0,0,588,30,30,0,0,629,1,1,0,0
6046,r626,"All institutions<sup>a</sup> -> Lincoln U., Jefferson City",All institutions<sup>a</sup>,"Lincoln U., Jefferson City",2,624,31,31,0,0,642,11,11,0,0,531,20,20,0,0
6046,r627,All institutions<sup>a</sup> -> American Museum of Natural History,All institutions<sup>a</sup>,American Museum of Natural History,2,626,30,30,0,0,588,30,30,0,0,640,0,0,0,0
6046,r628,All institutions<sup>a</sup> -> Coppin State U.,All institutions<sup>a</sup>,Coppin State U.,2,626,30,30,0,0,648,9,9,0,0,524,21,21,0,0
6046,r629,All institutions<sup>a</sup> -> Georgia Southwestern State U.,All institutions<sup>a</sup>,Georgia Southwestern State U.,2,628,29,29,0,0,648,9,9,0,0,531,20,20,0,0
6046,r630,All institutions<sup>a</sup> -> Salisbury U.,All institutions<sup>a</sup>,Salisbury U.,2,628,29,29,0,0,648,9,9,0,0,531,20,20,0,0
6046,r631,All institutions<sup>a</sup> -> Furman U.,All institutions<sup>a</sup>,Furman U.,2,630,28,8,0,20,597,28,8,0,20,640,0,0,0,0
6046,r632,All institutions<sup>a</sup> -> U. Southern Maine,All institutions<sup>a</sup>,U. Southern Maine,2,630,28,28,0,0,673,2,2,0,0,505,26,26,0,0
6046,r633,All institutions<sup>a</sup> -> Bemidji State U.,All institutions<sup>a</sup>,Bemidji State U.,2,630,28,28,0,0,675,1,1,0,0,504,27,27,0,0
6046,r634,All institutions<sup>a</sup> -> Savannah State U.,All institutions<sup>a</sup>,Savannah State U.,2,633,27,27,0,0,600,26,26,0,0,629,1,1,0,0
6046,r635,"All institutions<sup>a</sup> -> U. South Carolina, Aiken",All institutions<sup>a</sup>,"U. South Carolina, Aiken",2,633,27,27,0,0,615,20,20,0,0,585,7,7,0,0
6046,r636,All institutions<sup>a</sup> -> Alaska Pacific U.,All institutions<sup>a</sup>,Alaska Pacific U.,2,633,27,27,0,0,637,12,12,0,0,547,15,15,0,0
6046,r637,All institutions<sup>a</sup> -> Point Loma Nazarene U.,All institutions<sup>a</sup>,Point Loma Nazarene U.,2,633,27,27,0,0,652,8,8,0,0,537,19,19,0,0
6046,r638,All institutions<sup>a</sup> -> U. Central del Caribe,All institutions<sup>a</sup>,U. Central del Caribe,2,637,26,26,0,0,600,26,26,0,0,640,0,0,0,0
6046,r639,"All institutions<sup>a</sup> -> Colorado State U., Pueblo",All institutions<sup>a</sup>,"Colorado State U., Pueblo",2,637,26,19,7,0,624,17,13,4,0,578,9,6,3,0
6046,r640,All institutions<sup>a</sup> -> Elizabeth City State U.,All institutions<sup>a</sup>,Elizabeth City State U.,2,639,25,25,0,0,624,17,17,0,0,581,8,8,0,0
6046,r641,"All institutions<sup>a</sup> -> SUNY, C. of Optometry",All institutions<sup>a</sup>,"SUNY, C. of Optometry",2,639,25,25,0,0,632,14,14,0,0,565,11,11,0,0
6046,r642,All institutions<sup>a</sup> -> Rosalind Franklin U. of Medicine and Science,All institutions<sup>a</sup>,Rosalind Franklin U. of Medicine and Science,2,641,24,24,0,0,603,24,24,0,0,640,0,0,0,0
6046,r643,All institutions<sup>a</sup> -> Bucknell U.,All institutions<sup>a</sup>,Bucknell U.,2,642,23,16,7,0,608,23,16,7,0,640,0,0,0,0
6046,r644,All institutions<sup>a</sup> -> Northwestern Polytechnic U.,All institutions<sup>a</sup>,Northwestern Polytechnic U.,2,643,22,21,1,0,627,16,16,0,0,592,6,5,1,0
6046,r645,All institutions<sup>a</sup> -> Alabama State U.,All institutions<sup>a</sup>,Alabama State U.,2,643,22,22,0,0,637,12,12,0,0,572,10,10,0,0
6046,r646,All institutions<sup>a</sup> -> Milwaukee School of Engineering,All institutions<sup>a</sup>,Milwaukee School of Engineering,2,643,22,0,22,0,659,5,0,5,0,544,17,0,17,0
6046,r647,All institutions<sup>a</sup> -> New England C. of Optometry,All institutions<sup>a</sup>,New England C. of Optometry,2,646,21,21,0,0,612,21,21,0,0,640,0,0,0,0
6046,r648,All institutions<sup>a</sup> -> San Juan Bautista School of Medicine,All institutions<sup>a</sup>,San Juan Bautista School of Medicine,2,646,21,0,0,21,612,21,0,0,21,640,0,0,0,0
6046,r649,All institutions<sup>a</sup> -> Northwestern State U. Louisiana,All institutions<sup>a</sup>,Northwestern State U. Louisiana,2,646,21,21,0,0,618,19,19,0,0,618,2,2,0,0
6046,r650,All institutions<sup>a</sup> -> West Virginia State U.,All institutions<sup>a</sup>,West Virginia State U.,2,649,20,20,0,0,615,20,20,0,0,640,0,0,0,0
6046,r651,All institutions<sup>a</sup> -> U. Wisconsin-Parkside,All institutions<sup>a</sup>,U. Wisconsin-Parkside,2,649,20,20,0,0,655,7,7,0,0,558,13,13,0,0
6046,r652,All institutions<sup>a</sup> -> Claflin U.,All institutions<sup>a</sup>,Claflin U.,2,651,19,19,0,0,618,19,19,0,0,640,0,0,0,0
6046,r653,All institutions<sup>a</sup> -> Southern Oregon U.,All institutions<sup>a</sup>,Southern Oregon U.,2,651,19,19,0,0,618,19,19,0,0,640,0,0,0,0
6046,r654,All institutions<sup>a</sup> -> Mississippi Valley State U.,All institutions<sup>a</sup>,Mississippi Valley State U.,2,651,19,11,0,8,629,15,10,0,5,602,4,1,0,3
6046,r655,All institutions<sup>a</sup> -> Delta State U.,All institutions<sup>a</sup>,Delta State U.,2,651,19,19,0,0,642,11,11,0,0,581,8,8,0,0
6046,r656,"All institutions<sup>a</sup> -> Montana State U., Billings",All institutions<sup>a</sup>,"Montana State U., Billings",2,655,18,18,0,0,629,15,15,0,0,612,3,3,0,0
6046,r657,"All institutions<sup>a</sup> -> California State U., Stanislaus",All institutions<sup>a</sup>,"California State U., Stanislaus",2,655,18,18,0,0,659,5,5,0,0,558,13,13,0,0
6046,r658,"All institutions<sup>a</sup> -> U. Arkansas, Monticello",All institutions<sup>a</sup>,"U. Arkansas, Monticello",2,655,18,18,0,0,675,1,1,0,0,544,17,17,0,0
6046,r659,"All institutions<sup>a</sup> -> Pontifical Catholic U. Puerto Rico, Mayaguez",All institutions<sup>a</sup>,"Pontifical Catholic U. Puerto Rico, Mayaguez",2,658,17,17,0,0,636,13,13,0,0,602,4,4,0,0
6046,r660,All institutions<sup>a</sup> -> Rhode Island C.,All institutions<sup>a</sup>,Rhode Island C.,2,659,15,15,0,0,666,4,4,0,0,565,11,11,0,0
6046,r661,"All institutions<sup>a</sup> -> Inter American U. Puerto Rico, Fajardo",All institutions<sup>a</sup>,"Inter American U. Puerto Rico, Fajardo",2,659,15,15,0,0,680,0,0,0,0,547,15,15,0,0
6046,r662,All institutions<sup>a</sup> -> U. Portland,All institutions<sup>a</sup>,U. Portland,2,661,14,0,14,0,642,11,0,11,0,612,3,0,3,0
6046,r663,"All institutions<sup>a</sup> -> U. of Saint Francis, Fort Wayne",All institutions<sup>a</sup>,"U. of Saint Francis, Fort Wayne",2,661,14,14,0,0,642,11,11,0,0,612,3,3,0,0
6046,r664,All institutions<sup>a</sup> -> U.S. Merchant Marine Academy,All institutions<sup>a</sup>,U.S. Merchant Marine Academy,2,661,14,0,14,0,680,0,0,0,0,551,14,0,14,0
6046,r665,All institutions<sup>a</sup> -> Albany C. of Pharmacy and Health Sciences,All institutions<sup>a</sup>,Albany C. of Pharmacy and Health Sciences,2,664,12,6,0,6,637,12,6,0,6,640,0,0,0,0
6046,r666,All institutions<sup>a</sup> -> Tougaloo C.,All institutions<sup>a</sup>,Tougaloo C.,2,664,12,12,0,0,652,8,8,0,0,602,4,4,0,0
6046,r667,All institutions<sup>a</sup> -> Marshall B. Ketchum U.,All institutions<sup>a</sup>,Marshall B. Ketchum U.,2,666,11,11,0,0,646,10,10,0,0,629,1,1,0,0
6046,r668,All institutions<sup>a</sup> -> Wagner C.,All institutions<sup>a</sup>,Wagner C.,2,666,11,11,0,0,656,6,6,0,0,598,5,5,0,0
6046,r669,All institutions<sup>a</sup> -> Rose-Hulman Institute of Technology,All institutions<sup>a</sup>,Rose-Hulman Institute of Technology,2,668,10,0,10,0,666,4,0,4,0,592,6,0,6,0
6046,r670,All institutions<sup>a</sup> -> Elmezzi Graduate School of Molecular Medicine,All institutions<sup>a</sup>,Elmezzi Graduate School of Molecular Medicine,2,669,9,9,0,0,648,9,9,0,0,640,0,0,0,0
6046,r671,All institutions<sup>a</sup> -> Walla Walla U.,All institutions<sup>a</sup>,Walla Walla U.,2,669,9,9,0,0,659,5,5,0,0,602,4,4,0,0
6046,r672,All institutions<sup>a</sup> -> Alderson-Broaddus U.,All institutions<sup>a</sup>,Alderson-Broaddus U.,2,671,7,7,0,0,656,6,6,0,0,629,1,1,0,0
6046,r673,All institutions<sup>a</sup> -> Missouri Western State U.,All institutions<sup>a</sup>,Missouri Western State U.,2,671,7,7,0,0,659,5,5,0,0,618,2,2,0,0
6046,r674,All institutions<sup>a</sup> -> Western Connecticut State U.,All institutions<sup>a</sup>,Western Connecticut State U.,2,671,7,7,0,0,680,0,0,0,0,585,7,7,0,0
6046,r675,All institutions<sup>a</sup> -> St. Francis C.,All institutions<sup>a</sup>,St. Francis C.,2,674,6,6,0,0,656,6,6,0,0,640,0,0,0,0
6046,r676,All institutions<sup>a</sup> -> Point Park U.,All institutions<sup>a</sup>,Point Park U.,2,675,5,5,0,0,659,5,5,0,0,640,0,0,0,0
6046,r677,All institutions<sup>a</sup> -> Sitting Bull C.,All institutions<sup>a</sup>,Sitting Bull C.,2,675,5,5,0,0,659,5,5,0,0,640,0,0,0,0
6046,r678,"All institutions<sup>a</sup> -> SUNY, Oneonta",All institutions<sup>a</sup>,"SUNY, Oneonta",2,675,5,5,0,0,666,4,4,0,0,629,1,1,0,0
6046,r679,All institutions<sup>a</sup> -> Winston-Salem State U.,All institutions<sup>a</sup>,Winston-Salem State U.,2,675,5,5,0,0,666,4,4,0,0,629,1,1,0,0
6046,r680,All institutions<sup>a</sup> -> Black Hills State U.,All institutions<sup>a</sup>,Black Hills State U.,2,679,4,4,0,0,666,4,4,0,0,640,0,0,0,0
6046,r681,All institutions<sup>a</sup> -> Vermont Technical C.,All institutions<sup>a</sup>,Vermont Technical C.,2,679,4,0,4,0,673,2,0,2,0,618,2,0,2,0
6046,r682,All institutions<sup>a</sup> -> Marietta C.,All institutions<sup>a</sup>,Marietta C.,2,681,3,3,0,0,672,3,3,0,0,640,0,0,0,0
6046,r683,All institutions<sup>a</sup> -> Cabrini U.,All institutions<sup>a</sup>,Cabrini U.,2,681,3,3,0,0,675,1,1,0,0,618,2,2,0,0
6046,r684,All institutions<sup>a</sup> -> North Central C.,All institutions<sup>a</sup>,North Central C.,2,683,2,2,0,0,680,0,0,0,0,618,2,2,0,0
6046,r685,All institutions<sup>a</sup> -> Butler U.,All institutions<sup>a</sup>,Butler U.,2,684,1,0,0,1,675,1,0,0,1,640,0,0,0,0
6046,r686,All institutions<sup>a</sup> -> Goucher C.,All institutions<sup>a</sup>,Goucher C.,2,684,1,1,0,0,680,0,0,0,0,629,1,1,0,0
