table_id,row_id,_b_state_and_department_or_agency_b_full_path,_b_state_and_department_or_agency_b_level_1,_b_state_and_department_or_agency_b_level_2,_b_state_and_department_or_agency_b_level_3,_b_state_and_department_or_agency_b_hierarchy_depth,field_all_r_d_expenditures,field_source_of_funds_federal_government,field_source_of_funds_state_and_all_othersa
12536,r001,United States<sup>b</sup>,United States<sup>b</sup>,,,1,3034601074,742245878,2292355196
12536,r002,United States<sup>b</sup> -> Alabama,United States<sup>b</sup>,Alabama,,2,83778649,16054899,67723750
12536,r003,"United States<sup>b</sup> -> Alabama -> Commerce, Department of",United States<sup>b</sup>,Alabama,"Commerce, Department of",3,54419133,0,54419133
12536,r004,"United States<sup>b</sup> -> Alabama -> Conservation and Natural Resources, Department of; Wildlife and Freshwater Fisheries Division",United States<sup>b</sup>,Alabama,"Conservation and Natural Resources, Department of; Wildlife and Freshwater Fisheries Division",3,2637830,1856812,781018
12536,r005,"United States<sup>b</sup> -> Alabama -> Economic and Community Affairs, Department of",United States<sup>b</sup>,Alabama,"Economic and Community Affairs, Department of",3,3255511,0,3255511
12536,r006,"United States<sup>b</sup> -> Alabama -> Education, Department of",United States<sup>b</sup>,Alabama,"Education, Department of",3,6883453,6042815,840638
12536,r007,"United States<sup>b</sup> -> Alabama -> Forensic Sciences, Department of",United States<sup>b</sup>,Alabama,"Forensic Sciences, Department of",3,231757,0,231757
12536,r008,United States<sup>b</sup> -> Alabama -> Geological Survey,United States<sup>b</sup>,Alabama,Geological Survey,3,2971380,1142154,1829226
12536,r009,"United States<sup>b</sup> -> Alabama -> Marine Environmental Science Consortium, Dauphin Island Sea Lab",United States<sup>b</sup>,Alabama,"Marine Environmental Science Consortium, Dauphin Island Sea Lab",3,3913492,3427418,486074
12536,r010,United States<sup>b</sup> -> Alabama -> Supercomputer Authority,United States<sup>b</sup>,Alabama,Supercomputer Authority,3,4204072,0,4204072
12536,r011,"United States<sup>b</sup> -> Alabama -> Transportation, Department of",United States<sup>b</sup>,Alabama,"Transportation, Department of",3,5262021,3585700,1676321
12536,r012,United States<sup>b</sup> -> Alaska,United States<sup>b</sup>,Alaska,,2,19451112,7296267,12154845
12536,r013,United States<sup>b</sup> -> Alaska -> Energy Authority,United States<sup>b</sup>,Alaska,Energy Authority,3,242896,0,242896
12536,r014,"United States<sup>b</sup> -> Alaska -> Environmental Conservation, Department of ",United States<sup>b</sup>,Alaska,"Environmental Conservation, Department of ",3,192715,121140,71575
12536,r015,United States<sup>b</sup> -> Alaska -> Housing Finance Corporation,United States<sup>b</sup>,Alaska,Housing Finance Corporation,3,500000,0,500000
12536,r016,"United States<sup>b</sup> -> Alaska -> Natural Resources, Department of; Division of Geological and Geophysical Surveys",United States<sup>b</sup>,Alaska,"Natural Resources, Department of; Division of Geological and Geophysical Surveys",3,12212300,2727100,9485200
12536,r017,United States<sup>b</sup> -> Alaska -> Railroad Corporation,United States<sup>b</sup>,Alaska,Railroad Corporation,3,3098866,2817838,281028
12536,r018,United States<sup>b</sup> -> Alaska -> Seafood Marketing Institute,United States<sup>b</sup>,Alaska,Seafood Marketing Institute,3,74015,37804,36211
12536,r019,"United States<sup>b</sup> -> Alaska -> Transportation and Public Facilities, Department of",United States<sup>b</sup>,Alaska,"Transportation and Public Facilities, Department of",3,3130320,1592385,1537935
12536,r020,United States<sup>b</sup> -> Arizona,United States<sup>b</sup>,Arizona,,2,14011612,4679113,9332499
12536,r021,"United States<sup>b</sup> -> Arizona -> Agriculture, Department of",United States<sup>b</sup>,Arizona,"Agriculture, Department of",3,1943155,1811144,132011
12536,r022,United States<sup>b</sup> -> Arizona -> Deaf and Hard of Hearing,United States<sup>b</sup>,Arizona,Deaf and Hard of Hearing,3,115000,0,115000
12536,r023,United States<sup>b</sup> -> Arizona -> Game and Fish Department,United States<sup>b</sup>,Arizona,Game and Fish Department,3,1419872,1153022,266850
12536,r024,"United States<sup>b</sup> -> Arizona -> Health Services, Department of",United States<sup>b</sup>,Arizona,"Health Services, Department of",3,7868651,0,7868651
12536,r025,"United States<sup>b</sup> -> Arizona -> Juvenile Corrections, Department of ",United States<sup>b</sup>,Arizona,"Juvenile Corrections, Department of ",3,600000,0,600000
12536,r026,"United States<sup>b</sup> -> Arizona -> Transportation, Department of",United States<sup>b</sup>,Arizona,"Transportation, Department of",3,2064934,1714947,349987
12536,r027,United States<sup>b</sup> -> Arkansas,United States<sup>b</sup>,Arkansas,,2,9521076,3269056,6252020
12536,r028,United States<sup>b</sup> -> Arkansas -> Beef Council,United States<sup>b</sup>,Arkansas,Beef Council,3,76605,0,76605
12536,r029,United States<sup>b</sup> -> Arkansas -> Corn and Grain Sorghum Promotion Board,United States<sup>b</sup>,Arkansas,Corn and Grain Sorghum Promotion Board,3,965315,0,965315
12536,r030,United States<sup>b</sup> -> Arkansas -> Economic Development Commission,United States<sup>b</sup>,Arkansas,Economic Development Commission,3,605749,505749,100000
12536,r031,United States<sup>b</sup> -> Arkansas -> Game and Fish Commission,United States<sup>b</sup>,Arkansas,Game and Fish Commission,3,1966097,1689405,276692
12536,r032,"United States<sup>b</sup> -> Arkansas -> Midwest Dairy Association, Arkansas Division",United States<sup>b</sup>,Arkansas,"Midwest Dairy Association, Arkansas Division",3,7425,0,7425
12536,r033,United States<sup>b</sup> -> Arkansas -> Natural Heritage Commission,United States<sup>b</sup>,Arkansas,Natural Heritage Commission,3,208588,16874,191714
12536,r034,United States<sup>b</sup> -> Arkansas -> Rice Research and Promotion Board,United States<sup>b</sup>,Arkansas,Rice Research and Promotion Board,3,2500050,0,2500050
12536,r035,United States<sup>b</sup> -> Arkansas -> Soybean Promotion Board,United States<sup>b</sup>,Arkansas,Soybean Promotion Board,3,1221170,0,1221170
12536,r036,"United States<sup>b</sup> -> Arkansas -> Transportation, Department of",United States<sup>b</sup>,Arkansas,"Transportation, Department of",3,1936385,1057028,879357
12536,r037,United States<sup>b</sup> -> Arkansas -> Wheat Promotion Board,United States<sup>b</sup>,Arkansas,Wheat Promotion Board,3,33692,0,33692
12536,r038,United States<sup>b</sup> -> California,United States<sup>b</sup>,California,,2,594541351,31928041,562613310
12536,r039,United States<sup>b</sup> -> California -> Air Resources Board,United States<sup>b</sup>,California,Air Resources Board,3,17641553,0,17641553
12536,r040,United States<sup>b</sup> -> California -> Coachella Valley Mountains,United States<sup>b</sup>,California,Coachella Valley Mountains,3,215912,0,215912
12536,r041,"United States<sup>b</sup> -> California -> Conservation, Department of",United States<sup>b</sup>,California,"Conservation, Department of",3,1490818,459600,1031218
12536,r042,"United States<sup>b</sup> -> California -> Corrections and Rehabilitation, Department of",United States<sup>b</sup>,California,"Corrections and Rehabilitation, Department of",3,6466366,0,6466366
12536,r043,United States<sup>b</sup> -> California -> Covered California,United States<sup>b</sup>,California,Covered California,3,5765443,0,5765443
12536,r044,United States<sup>b</sup> -> California -> Dairy Council,United States<sup>b</sup>,California,Dairy Council,3,69421,0,69421
12536,r045,United States<sup>b</sup> -> California -> Delta Stewardship Council,United States<sup>b</sup>,California,Delta Stewardship Council,3,5138976,1539483,3599493
12536,r046,United States<sup>b</sup> -> California -> Emergency Services Governor's Office,United States<sup>b</sup>,California,Emergency Services Governor's Office,3,2020000,0,2020000
12536,r047,United States<sup>b</sup> -> California -> Energy Commission,United States<sup>b</sup>,California,Energy Commission,3,170673193,0,170673193
12536,r048,"United States<sup>b</sup> -> California -> Environmental Health Hazard Assessment, Office of",United States<sup>b</sup>,California,"Environmental Health Hazard Assessment, Office of",3,25263123,0,25263123
12536,r049,United States<sup>b</sup> -> California -> First 5 California (Children and Families Commission),United States<sup>b</sup>,California,First 5 California (Children and Families Commission),3,6000000,0,6000000
12536,r050,"United States<sup>b</sup> -> California -> Food and Agriculture, Department of",United States<sup>b</sup>,California,"Food and Agriculture, Department of",3,6187795,126894,6060901
12536,r051,"United States<sup>b</sup> -> California -> Forestry and Fire Protection, Department of",United States<sup>b</sup>,California,"Forestry and Fire Protection, Department of",3,16600000,0,16600000
12536,r052,United States<sup>b</sup> -> California -> Horse Racing Board,United States<sup>b</sup>,California,Horse Racing Board,3,976291,0,976291
12536,r053,"United States<sup>b</sup> -> California -> Housing and Community Development, Department of",United States<sup>b</sup>,California,"Housing and Community Development, Department of",3,79000,0,79000
12536,r054,United States<sup>b</sup> -> California -> Institute for Regenerative Medicine,United States<sup>b</sup>,California,Institute for Regenerative Medicine,3,152261013,0,152261013
12536,r055,"United States<sup>b</sup> -> California -> Motor Vehicles, Department of",United States<sup>b</sup>,California,"Motor Vehicles, Department of",3,1714131,0,1714131
12536,r056,"United States<sup>b</sup> -> California -> Parks And Recreation, Department of",United States<sup>b</sup>,California,"Parks And Recreation, Department of",3,3297362,0,3297362
12536,r057,"United States<sup>b</sup> -> California -> Pesticide Regulation, Department of ",United States<sup>b</sup>,California,"Pesticide Regulation, Department of ",3,20772486,116499,20655987
12536,r058,"United States<sup>b</sup> -> California -> Public Health, Department of",United States<sup>b</sup>,California,"Public Health, Department of",3,8500000,0,8500000
12536,r059,"United States<sup>b</sup> -> California -> Public Utilities Commission, Executive Division",United States<sup>b</sup>,California,"Public Utilities Commission, Executive Division",3,55035940,0,55035940
12536,r060,"United States<sup>b</sup> -> California -> Resources Recycling and Recovery, Department of",United States<sup>b</sup>,California,"Resources Recycling and Recovery, Department of",3,250112,0,250112
12536,r061,United States<sup>b</sup> -> California -> San Diego River Conservancy ,United States<sup>b</sup>,California,San Diego River Conservancy ,3,495155,0,495155
12536,r062,United States<sup>b</sup> -> California -> State Coastal Conservancy,United States<sup>b</sup>,California,State Coastal Conservancy,3,751289,0,751289
12536,r063,United States<sup>b</sup> -> California -> State Water Resources Control Board,United States<sup>b</sup>,California,State Water Resources Control Board,3,24800361,365406,24434955
12536,r064,"United States<sup>b</sup> -> California -> Toxic Substances Control, Department of",United States<sup>b</sup>,California,"Toxic Substances Control, Department of",3,221058,0,221058
12536,r065,"United States<sup>b</sup> -> California -> Transportation, Department of",United States<sup>b</sup>,California,"Transportation, Department of",3,49446825,29320159,20126666
12536,r066,"United States<sup>b</sup> -> California -> Water Resources, Department of",United States<sup>b</sup>,California,"Water Resources, Department of",3,12407728,0,12407728
12536,r067,United States<sup>b</sup> -> Colorado,United States<sup>b</sup>,Colorado,,2,39665229,6114448,33550781
12536,r068,"United States<sup>b</sup> -> Colorado -> Agriculture, Department of",United States<sup>b</sup>,Colorado,"Agriculture, Department of",3,362802,362802,0
12536,r069,"United States<sup>b</sup> -> Colorado -> Economic Development and International Trade, Office of",United States<sup>b</sup>,Colorado,"Economic Development and International Trade, Office of",3,22767255,0,22767255
12536,r070,United States<sup>b</sup> -> Colorado -> Higher Education Competitive Research Authority,United States<sup>b</sup>,Colorado,Higher Education Competitive Research Authority,3,1843141,0,1843141
12536,r071,"United States<sup>b</sup> -> Colorado -> Natural Resources, Department of",United States<sup>b</sup>,Colorado,"Natural Resources, Department of",3,6892590,1598311,5294279
12536,r072,"United States<sup>b</sup> -> Colorado -> Public Health and Environment, Department of",United States<sup>b</sup>,Colorado,"Public Health and Environment, Department of",3,3439025,0,3439025
12536,r073,"United States<sup>b</sup> -> Colorado -> Transportation, Department of",United States<sup>b</sup>,Colorado,"Transportation, Department of",3,4153335,4153335,0
12536,r074,United States<sup>b</sup> -> Colorado -> Wine Industry Development Board,United States<sup>b</sup>,Colorado,Wine Industry Development Board,3,207081,0,207081
12536,r075,United States<sup>b</sup> -> Connecticut,United States<sup>b</sup>,Connecticut,,2,55924506,21341245,34583261
12536,r076,United States<sup>b</sup> -> Connecticut -> Agricultural Experiment Station,United States<sup>b</sup>,Connecticut,Agricultural Experiment Station,3,14165952,6197219,7968733
12536,r077,"United States<sup>b</sup> -> Connecticut -> Energy and Environmental Protection, Department of",United States<sup>b</sup>,Connecticut,"Energy and Environmental Protection, Department of",3,8086000,6456950,1629050
12536,r078,United States<sup>b</sup> -> Connecticut -> Innovation Inc.,United States<sup>b</sup>,Connecticut,Innovation Inc.,3,22043617,4544999,17498618
12536,r079,"United States<sup>b</sup> -> Connecticut -> Mental Health and Addiction Services, Department of",United States<sup>b</sup>,Connecticut,"Mental Health and Addiction Services, Department of",3,7079816,578179,6501637
12536,r080,"United States<sup>b</sup> -> Connecticut -> Social Services, Department of",United States<sup>b</sup>,Connecticut,"Social Services, Department of",3,641305,0,641305
12536,r081,"United States<sup>b</sup> -> Connecticut -> Transportation, Department of",United States<sup>b</sup>,Connecticut,"Transportation, Department of",3,3907816,3563898,343918
12536,r082,United States<sup>b</sup> -> Delaware,United States<sup>b</sup>,Delaware,,2,3584063,1721282,1862781
12536,r083,United States<sup>b</sup> -> Delaware -> Geological Survey,United States<sup>b</sup>,Delaware,Geological Survey,3,1651264,482103,1169161
12536,r084,"United States<sup>b</sup> -> Delaware -> Natural Resources and Environmental Control, Department of",United States<sup>b</sup>,Delaware,"Natural Resources and Environmental Control, Department of",3,488092,155291,332801
12536,r085,United States<sup>b</sup> -> Delaware -> Sustainable Energy Utility,United States<sup>b</sup>,Delaware,Sustainable Energy Utility,3,50500,0,50500
12536,r086,"United States<sup>b</sup> -> Delaware -> Transportation, Department of",United States<sup>b</sup>,Delaware,"Transportation, Department of",3,1394207,1083888,310319
12536,r087,United States<sup>b</sup> -> District of Columbia,United States<sup>b</sup>,District of Columbia,,2,10563918,8515771,2048147
12536,r088,"United States<sup>b</sup> -> District of Columbia -> Energy and Environment, Department of",United States<sup>b</sup>,District of Columbia,"Energy and Environment, Department of",3,348077,57777,290300
12536,r089,"United States<sup>b</sup> -> District of Columbia -> Health, Department of",United States<sup>b</sup>,District of Columbia,"Health, Department of",3,7909103,7812603,96500
12536,r090,"United States<sup>b</sup> -> District of Columbia -> Transportation, Department of",United States<sup>b</sup>,District of Columbia,"Transportation, Department of",3,806738,645391,161347
12536,r091,United States<sup>b</sup> -> District of Columbia -> Water and Sewer Authority,United States<sup>b</sup>,District of Columbia,Water and Sewer Authority,3,1500000,0,1500000
12536,r092,United States<sup>b</sup> -> Florida,United States<sup>b</sup>,Florida,,2,222882689,25903893,196978796
12536,r093,"United States<sup>b</sup> -> Florida -> Agriculture and Consumer Services, Department of",United States<sup>b</sup>,Florida,"Agriculture and Consumer Services, Department of",3,22629310,3841336,18787974
12536,r094,"United States<sup>b</sup> -> Florida -> Citrus, Department of",United States<sup>b</sup>,Florida,"Citrus, Department of",3,2067852,0,2067852
12536,r095,"United States<sup>b</sup> -> Florida -> Environmental Protection, Department of",United States<sup>b</sup>,Florida,"Environmental Protection, Department of",3,60125,60125,0
12536,r096,United States<sup>b</sup> -> Florida -> Fish and Wildlife Conservation Commission,United States<sup>b</sup>,Florida,Fish and Wildlife Conservation Commission,3,60990297,17681763,43308534
12536,r097,United States<sup>b</sup> -> Florida -> Gaming Control Commission,United States<sup>b</sup>,Florida,Gaming Control Commission,3,100000,0,100000
12536,r098,"United States<sup>b</sup> -> Florida -> Health, Department of",United States<sup>b</sup>,Florida,"Health, Department of",3,121558745,0,121558745
12536,r099,United States<sup>b</sup> -> Florida -> Space Florida,United States<sup>b</sup>,Florida,Space Florida,3,1110000,0,1110000
12536,r100,"United States<sup>b</sup> -> Florida -> Transportation, Department of",United States<sup>b</sup>,Florida,"Transportation, Department of",3,14366360,4320669,10045691
12536,r101,United States<sup>b</sup> -> Georgia,United States<sup>b</sup>,Georgia,,2,20739193,16287488,4451705
12536,r102,"United States<sup>b</sup> -> Georgia -> Commodity Commission, Agriculture, Department of",United States<sup>b</sup>,Georgia,"Commodity Commission, Agriculture, Department of",3,2513762,0,2513762
12536,r103,"United States<sup>b</sup> -> Georgia -> Natural Resources, Department of",United States<sup>b</sup>,Georgia,"Natural Resources, Department of",3,2297557,1678486,619071
12536,r104,United States<sup>b</sup> -> Georgia -> Southern States Energy Board,United States<sup>b</sup>,Georgia,Southern States Energy Board,3,9213432,8663914,549518
12536,r105,"United States<sup>b</sup> -> Georgia -> Transportation, Department of",United States<sup>b</sup>,Georgia,"Transportation, Department of",3,6714442,5945088,769354
12536,r106,United States<sup>b</sup> -> Hawaii,United States<sup>b</sup>,Hawaii,,2,5280407,2563321,2717086
12536,r107,"United States<sup>b</sup> -> Hawaii -> Agriculture, Department of",United States<sup>b</sup>,Hawaii,"Agriculture, Department of",3,652670,652670,0
12536,r108,"United States<sup>b</sup> -> Hawaii -> Business, Economic Development, and Tourism, Department of",United States<sup>b</sup>,Hawaii,"Business, Economic Development, and Tourism, Department of",3,2447125,430125,2017000
12536,r109,"United States<sup>b</sup> -> Hawaii -> Land and Natural Resources, Department of",United States<sup>b</sup>,Hawaii,"Land and Natural Resources, Department of",3,445210,155489,289721
12536,r110,"United States<sup>b</sup> -> Hawaii -> Transportation, Department of",United States<sup>b</sup>,Hawaii,"Transportation, Department of",3,1735402,1325037,410365
12536,r111,United States<sup>b</sup> -> Idaho,United States<sup>b</sup>,Idaho,,2,18670602,11364333,7306269
12536,r112,"United States<sup>b</sup> -> Idaho -> Agriculture, Department of",United States<sup>b</sup>,Idaho,"Agriculture, Department of",3,1020066,1020066,0
12536,r113,United States<sup>b</sup> -> Idaho -> Barley Commission,United States<sup>b</sup>,Idaho,Barley Commission,3,254646,0,254646
12536,r114,United States<sup>b</sup> -> Idaho -> Bean Commission,United States<sup>b</sup>,Idaho,Bean Commission,3,33575,0,33575
12536,r115,"United States<sup>b</sup> -> Idaho -> Commerce, Department of ",United States<sup>b</sup>,Idaho,"Commerce, Department of ",3,784945,0,784945
12536,r116,United States<sup>b</sup> -> Idaho -> Dairy West,United States<sup>b</sup>,Idaho,Dairy West,3,2843786,0,2843786
12536,r117,"United States<sup>b</sup> -> Idaho -> Fish and Game, Department of",United States<sup>b</sup>,Idaho,"Fish and Game, Department of",3,9232224,7722369,1509855
12536,r118,United States<sup>b</sup> -> Idaho -> Oilseed Commission,United States<sup>b</sup>,Idaho,Oilseed Commission,3,66548,0,66548
12536,r119,United States<sup>b</sup> -> Idaho -> Pea and Lentil Commission,United States<sup>b</sup>,Idaho,Pea and Lentil Commission,3,61179,0,61179
12536,r120,United States<sup>b</sup> -> Idaho -> Potato Commission,United States<sup>b</sup>,Idaho,Potato Commission,3,650880,0,650880
12536,r121,United States<sup>b</sup> -> Idaho -> Transportation Department,United States<sup>b</sup>,Idaho,Transportation Department,3,2832749,2621898,210851
12536,r122,United States<sup>b</sup> -> Idaho -> Wheat Commission,United States<sup>b</sup>,Idaho,Wheat Commission,3,890004,0,890004
12536,r123,United States<sup>b</sup> -> Illinois,United States<sup>b</sup>,Illinois,,2,45907372,25771315,20136057
12536,r124,"United States<sup>b</sup> -> Illinois -> Children and Family Services, Department of",United States<sup>b</sup>,Illinois,"Children and Family Services, Department of",3,2814959,0,2814959
12536,r125,United States<sup>b</sup> -> Illinois -> Great Lakes - St. Lawrence River Basin,United States<sup>b</sup>,Illinois,Great Lakes - St. Lawrence River Basin,3,100000,0,100000
12536,r126,"United States<sup>b</sup> -> Illinois -> Midwest Dairy Association, Illinois Division",United States<sup>b</sup>,Illinois,"Midwest Dairy Association, Illinois Division",3,15345,0,15345
12536,r127,"United States<sup>b</sup> -> Illinois -> Natural Resources, Department of",United States<sup>b</sup>,Illinois,"Natural Resources, Department of",3,27317164,17727420,9589744
12536,r128,United States<sup>b</sup> -> Illinois -> Nature Preserves Commission,United States<sup>b</sup>,Illinois,Nature Preserves Commission,3,1065000,0,1065000
12536,r129,United States<sup>b</sup> -> Illinois -> Nutrient Research and Education Council,United States<sup>b</sup>,Illinois,Nutrient Research and Education Council,3,3844915,0,3844915
12536,r130,"United States<sup>b</sup> -> Illinois -> Public Health, Department of",United States<sup>b</sup>,Illinois,"Public Health, Department of",3,516000,0,516000
12536,r131,"United States<sup>b</sup> -> Illinois -> Transportation, Department of",United States<sup>b</sup>,Illinois,"Transportation, Department of",3,10233989,8043895,2190094
12536,r132,United States<sup>b</sup> -> Indiana,United States<sup>b</sup>,Indiana,,2,24179311,9162767,15016544
12536,r133,United States<sup>b</sup> -> Indiana -> Economic Development Corporation,United States<sup>b</sup>,Indiana,Economic Development Corporation,3,9961588,0,9961588
12536,r134,"United States<sup>b</sup> -> Indiana -> Natural Resources, Department of",United States<sup>b</sup>,Indiana,"Natural Resources, Department of",3,4366329,1281652,3084677
12536,r135,"United States<sup>b</sup> -> Indiana -> Transportation, Department of",United States<sup>b</sup>,Indiana,"Transportation, Department of",3,9851394,7881115,1970279
12536,r136,United States<sup>b</sup> -> Iowa,United States<sup>b</sup>,Iowa,,2,9809708,5714355,4095353
12536,r137,"United States<sup>b</sup> -> Iowa -> Human Rights, Criminal and Juvenile Justice Planning, Division of, Department of",United States<sup>b</sup>,Iowa,"Human Rights, Criminal and Juvenile Justice Planning, Division of, Department of",3,632002,240471,391531
12536,r138,"United States<sup>b</sup> -> Iowa -> Midwest Dairy Association, Iowa Division",United States<sup>b</sup>,Iowa,"Midwest Dairy Association, Iowa Division",3,113850,0,113850
12536,r139,"United States<sup>b</sup> -> Iowa -> Natural Resources, Department of",United States<sup>b</sup>,Iowa,"Natural Resources, Department of",3,1945868,1669114,276754
12536,r140,"United States<sup>b</sup> -> Iowa -> Transportation, Department of",United States<sup>b</sup>,Iowa,"Transportation, Department of",3,7117988,3804770,3313218
12536,r141,United States<sup>b</sup> -> Kansas,United States<sup>b</sup>,Kansas,,2,10364853,2627935,7736918
12536,r142,United States<sup>b</sup> -> Kansas -> Corn Commission,United States<sup>b</sup>,Kansas,Corn Commission,3,375941,0,375941
12536,r143,United States<sup>b</sup> -> Kansas -> Grain Sorghum Commission,United States<sup>b</sup>,Kansas,Grain Sorghum Commission,3,553341,0,553341
12536,r144,"United States<sup>b</sup> -> Kansas -> Midwest Dairy Association, Kansas Division",United States<sup>b</sup>,Kansas,"Midwest Dairy Association, Kansas Division",3,13860,0,13860
12536,r145,United States<sup>b</sup> -> Kansas -> Soybean Commission,United States<sup>b</sup>,Kansas,Soybean Commission,3,1400000,0,1400000
12536,r146,United States<sup>b</sup> -> Kansas -> State Board of Regents,United States<sup>b</sup>,Kansas,State Board of Regents,3,1000314,0,1000314
12536,r147,United States<sup>b</sup> -> Kansas -> Sunflower Commission,United States<sup>b</sup>,Kansas,Sunflower Commission,3,11248,0,11248
12536,r148,"United States<sup>b</sup> -> Kansas -> Transportation, Department of",United States<sup>b</sup>,Kansas,"Transportation, Department of",3,3882450,2182766,1699684
12536,r149,United States<sup>b</sup> -> Kansas -> Water Office,United States<sup>b</sup>,Kansas,Water Office,3,1805720,445169,1360551
12536,r150,United States<sup>b</sup> -> Kansas -> Wheat Commission,United States<sup>b</sup>,Kansas,Wheat Commission,3,1321979,0,1321979
12536,r151,United States<sup>b</sup> -> Kentucky,United States<sup>b</sup>,Kentucky,,2,37765916,9546502,28219414
12536,r152,"United States<sup>b</sup> -> Kentucky -> Economic Development, Cabinet for",United States<sup>b</sup>,Kentucky,"Economic Development, Cabinet for",3,3126802,0,3126802
12536,r153,"United States<sup>b</sup> -> Kentucky -> Fish and Wildlife Resources, Department of ",United States<sup>b</sup>,Kentucky,"Fish and Wildlife Resources, Department of ",3,7566970,5237651,2329319
12536,r154,United States<sup>b</sup> -> Kentucky -> Horse Racing Commission,United States<sup>b</sup>,Kentucky,Horse Racing Commission,3,140153,0,140153
12536,r155,"United States<sup>b</sup> -> Kentucky -> Nature Preserves, Office of Kentucky",United States<sup>b</sup>,Kentucky,"Nature Preserves, Office of Kentucky",3,55409,47954,7455
12536,r156,"United States<sup>b</sup> -> Kentucky -> Postsecondary Education, Council on",United States<sup>b</sup>,Kentucky,"Postsecondary Education, Council on",3,11029618,0,11029618
12536,r157,"United States<sup>b</sup> -> Kentucky -> Public Health, Department for ",United States<sup>b</sup>,Kentucky,"Public Health, Department for ",3,7256093,0,7256093
12536,r158,United States<sup>b</sup> -> Kentucky -> Soybean Promotion Board,United States<sup>b</sup>,Kentucky,Soybean Promotion Board,3,502893,0,502893
12536,r159,United States<sup>b</sup> -> Kentucky -> Transportation Cabinet,United States<sup>b</sup>,Kentucky,Transportation Cabinet,3,8087978,4260897,3827081
12536,r160,United States<sup>b</sup> -> Louisiana,United States<sup>b</sup>,Louisiana,,2,31663714,18445998,13217716
12536,r161,United States<sup>b</sup> -> Louisiana -> Board of Regents,United States<sup>b</sup>,Louisiana,Board of Regents,3,12395006,5572107,6822899
12536,r162,United States<sup>b</sup> -> Louisiana -> Coastal Protection and Restoration Authority,United States<sup>b</sup>,Louisiana,Coastal Protection and Restoration Authority,3,3791442,708513,3082929
12536,r163,"United States<sup>b</sup> -> Louisiana -> Transportation and Development, Department of ",United States<sup>b</sup>,Louisiana,"Transportation and Development, Department of ",3,8500000,6800000,1700000
12536,r164,"United States<sup>b</sup> -> Louisiana -> Wildlife and Fisheries, Department of",United States<sup>b</sup>,Louisiana,"Wildlife and Fisheries, Department of",3,6977266,5365378,1611888
12536,r165,United States<sup>b</sup> -> Maine,United States<sup>b</sup>,Maine,,2,47576007,37765217,9810790
12536,r166,"United States<sup>b</sup> -> Maine -> Agriculture, Conservation and Forestry, Department of ",United States<sup>b</sup>,Maine,"Agriculture, Conservation and Forestry, Department of ",3,1697100,690300,1006800
12536,r167,United States<sup>b</sup> -> Maine -> Aquaculture Innovation Center,United States<sup>b</sup>,Maine,Aquaculture Innovation Center,3,587473,470720,116753
12536,r168,"United States<sup>b</sup> -> Maine -> Inland Fisheries and Wildlife, Department of",United States<sup>b</sup>,Maine,"Inland Fisheries and Wildlife, Department of",3,1776000,1332000,444000
12536,r169,"United States<sup>b</sup> -> Maine -> Marine Resources, Department of",United States<sup>b</sup>,Maine,"Marine Resources, Department of",3,2790668,2230207,560461
12536,r170,"United States<sup>b</sup> -> Maine -> MDI Biological Laboratory, Center for Biomedical Innovation",United States<sup>b</sup>,Maine,"MDI Biological Laboratory, Center for Biomedical Innovation",3,7615174,6753246,861928
12536,r171,United States<sup>b</sup> -> Maine -> Technology Institute,United States<sup>b</sup>,Maine,Technology Institute,3,31923642,25236084,6687558
12536,r172,"United States<sup>b</sup> -> Maine -> Transportation, Department of ",United States<sup>b</sup>,Maine,"Transportation, Department of ",3,1185950,1052660,133290
12536,r173,United States<sup>b</sup> -> Maryland,United States<sup>b</sup>,Maryland,,2,46489603,1336954,45152649
12536,r174,United States<sup>b</sup> -> Maryland -> Energy Administration,United States<sup>b</sup>,Maryland,Energy Administration,3,250000,0,250000
12536,r175,"United States<sup>b</sup> -> Maryland -> Health, Department of",United States<sup>b</sup>,Maryland,"Health, Department of",3,15000000,0,15000000
12536,r176,"United States<sup>b</sup> -> Maryland -> Natural Resources, Department of",United States<sup>b</sup>,Maryland,"Natural Resources, Department of",3,670841,0,670841
12536,r177,United States<sup>b</sup> -> Maryland -> Technology Development Corporation,United States<sup>b</sup>,Maryland,Technology Development Corporation,3,28682169,0,28682169
12536,r178,"United States<sup>b</sup> -> Maryland -> Transportation, Department of",United States<sup>b</sup>,Maryland,"Transportation, Department of",3,1886593,1336954,549639
12536,r179,United States<sup>b</sup> -> Massachusetts,United States<sup>b</sup>,Massachusetts,,2,48424086,8462093,39961993
12536,r180,United States<sup>b</sup> -> Massachusetts -> Clean Energy Technology Center,United States<sup>b</sup>,Massachusetts,Clean Energy Technology Center,3,27560771,0,27560771
12536,r181,"United States<sup>b</sup> -> Massachusetts -> Environmental Protection, Department of ",United States<sup>b</sup>,Massachusetts,"Environmental Protection, Department of ",3,2125890,26843,2099047
12536,r182,"United States<sup>b</sup> -> Massachusetts -> Fish and Game, Department of ",United States<sup>b</sup>,Massachusetts,"Fish and Game, Department of ",3,262343,69059,193284
12536,r183,United States<sup>b</sup> -> Massachusetts -> Gaming Commission,United States<sup>b</sup>,Massachusetts,Gaming Commission,3,1363550,0,1363550
12536,r184,United States<sup>b</sup> -> Massachusetts -> MassVentures,United States<sup>b</sup>,Massachusetts,MassVentures,3,400000,0,400000
12536,r185,"United States<sup>b</sup> -> Massachusetts -> Mental Health, Department of",United States<sup>b</sup>,Massachusetts,"Mental Health, Department of",3,2761879,576012,2185867
12536,r186,"United States<sup>b</sup> -> Massachusetts -> Public Health, Department of ",United States<sup>b</sup>,Massachusetts,"Public Health, Department of ",3,2306457,1219815,1086642
12536,r187,United States<sup>b</sup> -> Massachusetts -> Technology Park Corporation ,United States<sup>b</sup>,Massachusetts,Technology Park Corporation ,3,3143796,656548,2487248
12536,r188,"United States<sup>b</sup> -> Massachusetts -> Transportation, Department of",United States<sup>b</sup>,Massachusetts,"Transportation, Department of",3,7849400,5913816,1935584
12536,r189,United States<sup>b</sup> -> Massachusetts -> Water Resources Authority,United States<sup>b</sup>,Massachusetts,Water Resources Authority,3,650000,0,650000
12536,r190,United States<sup>b</sup> -> Michigan,United States<sup>b</sup>,Michigan,,2,22654435,9084859,13569576
12536,r191,"United States<sup>b</sup> -> Michigan -> Agriculture and Rural Development, Department of",United States<sup>b</sup>,Michigan,"Agriculture and Rural Development, Department of",3,3846005,613342,3232663
12536,r192,United States<sup>b</sup> -> Michigan -> Economic Development Corporation,United States<sup>b</sup>,Michigan,Economic Development Corporation,3,5000000,0,5000000
12536,r193,"United States<sup>b</sup> -> Michigan -> Environmental, Great Lakes, and Energy, Department of",United States<sup>b</sup>,Michigan,"Environmental, Great Lakes, and Energy, Department of",3,4935956,286782,4649174
12536,r194,United States<sup>b</sup> -> Michigan -> Health and Human Services,United States<sup>b</sup>,Michigan,Health and Human Services,3,2644979,2639979,5000
12536,r195,"United States<sup>b</sup> -> Michigan -> Transportation, Department of",United States<sup>b</sup>,Michigan,"Transportation, Department of",3,6227495,5544756,682739
12536,r196,United States<sup>b</sup> -> Minnesota,United States<sup>b</sup>,Minnesota,,2,22732170,8729109,14003061
12536,r197,"United States<sup>b</sup> -> Minnesota -> Agriculture, Department of",United States<sup>b</sup>,Minnesota,"Agriculture, Department of",3,4966177,895701,4070476
12536,r198,United States<sup>b</sup> -> Minnesota -> Forest Resources Council,United States<sup>b</sup>,Minnesota,Forest Resources Council,3,15684,0,15684
12536,r199,"United States<sup>b</sup> -> Minnesota -> Health, Department of",United States<sup>b</sup>,Minnesota,"Health, Department of",3,250000,250000,0
12536,r200,"United States<sup>b</sup> -> Minnesota -> Midwest Dairy Association, Minnesota Division",United States<sup>b</sup>,Minnesota,"Midwest Dairy Association, Minnesota Division",3,208395,0,208395
12536,r201,"United States<sup>b</sup> -> Minnesota -> Natural Resources, Department of",United States<sup>b</sup>,Minnesota,"Natural Resources, Department of",3,2101074,1595297,505777
12536,r202,United States<sup>b</sup> -> Minnesota -> Pollution Control Agency,United States<sup>b</sup>,Minnesota,Pollution Control Agency,3,230894,0,230894
12536,r203,"United States<sup>b</sup> -> Minnesota -> Transportation, Department of",United States<sup>b</sup>,Minnesota,"Transportation, Department of",3,14959946,5988111,8971835
12536,r204,United States<sup>b</sup> -> Mississippi,United States<sup>b</sup>,Mississippi,,2,10030897,8564182,1466715
12536,r205,"United States<sup>b</sup> -> Mississippi -> Agriculture and Commerce, Department of ",United States<sup>b</sup>,Mississippi,"Agriculture and Commerce, Department of ",3,207791,207791,0
12536,r206,"United States<sup>b</sup> -> Mississippi -> Environmental Quality, Department of",United States<sup>b</sup>,Mississippi,"Environmental Quality, Department of",3,1649886,1649886,0
12536,r207,United States<sup>b</sup> -> Mississippi -> Gulf States Marine Fisheries Commission,United States<sup>b</sup>,Mississippi,Gulf States Marine Fisheries Commission,3,1064916,1064916,0
12536,r208,"United States<sup>b</sup> -> Mississippi -> Marine Resources, Department of",United States<sup>b</sup>,Mississippi,"Marine Resources, Department of",3,1927800,1326261,601539
12536,r209,"United States<sup>b</sup> -> Mississippi -> Transportation, Department of",United States<sup>b</sup>,Mississippi,"Transportation, Department of",3,2763759,2626207,137552
12536,r210,"United States<sup>b</sup> -> Mississippi -> Wildlife, Fisheries, and Parks, Department of ",United States<sup>b</sup>,Mississippi,"Wildlife, Fisheries, and Parks, Department of ",3,2416745,1689121,727624
12536,r211,United States<sup>b</sup> -> Missouri,United States<sup>b</sup>,Missouri,,2,17210400,6265084,10945316
12536,r212,"United States<sup>b</sup> -> Missouri -> Agriculture, Department of",United States<sup>b</sup>,Missouri,"Agriculture, Department of",3,1374152,1315952,58200
12536,r213,"United States<sup>b</sup> -> Missouri -> Conservation, Department of",United States<sup>b</sup>,Missouri,"Conservation, Department of",3,7416216,1538039,5878177
12536,r214,"United States<sup>b</sup> -> Missouri -> Mental Health, Department of",United States<sup>b</sup>,Missouri,"Mental Health, Department of",3,242500,0,242500
12536,r215,"United States<sup>b</sup> -> Missouri -> Natural Resources, Department of",United States<sup>b</sup>,Missouri,"Natural Resources, Department of",3,250591,62272,188319
12536,r216,United States<sup>b</sup> -> Missouri -> Technology Corporation,United States<sup>b</sup>,Missouri,Technology Corporation,3,3806999,674999,3132000
12536,r217,"United States<sup>b</sup> -> Missouri -> Transportation, Department of",United States<sup>b</sup>,Missouri,"Transportation, Department of",3,3342278,2673822,668456
12536,r218,United States<sup>b</sup> -> Missouri -> Wine and Grape Board,United States<sup>b</sup>,Missouri,Wine and Grape Board,3,777664,0,777664
12536,r219,United States<sup>b</sup> -> Montana,United States<sup>b</sup>,Montana,,2,9956071,6762205,3193866
12536,r220,"United States<sup>b</sup> -> Montana -> Agriculture, Department of",United States<sup>b</sup>,Montana,"Agriculture, Department of",3,3466168,1551329,1914839
12536,r221,"United States<sup>b</sup> -> Montana -> Environmental Quality, Department of",United States<sup>b</sup>,Montana,"Environmental Quality, Department of",3,63976,17345,46631
12536,r222,"United States<sup>b</sup> -> Montana -> Fish, Wildlife and Parks, Department of",United States<sup>b</sup>,Montana,"Fish, Wildlife and Parks, Department of",3,4472983,3444457,1028526
12536,r223,"United States<sup>b</sup> -> Montana -> Natural Resources and Conservation, Department of",United States<sup>b</sup>,Montana,"Natural Resources and Conservation, Department of",3,68874,68874,0
12536,r224,"United States<sup>b</sup> -> Montana -> Transportation, Department of",United States<sup>b</sup>,Montana,"Transportation, Department of",3,1884070,1680200,203870
12536,r225,United States<sup>b</sup> -> Nebraska,United States<sup>b</sup>,Nebraska,,2,29171378,3354005,25817373
12536,r226,"United States<sup>b</sup> -> Nebraska -> Agriculture, Department of",United States<sup>b</sup>,Nebraska,"Agriculture, Department of",3,1196095,1104637,91458
12536,r227,United States<sup>b</sup> -> Nebraska -> Corn Board,United States<sup>b</sup>,Nebraska,Corn Board,3,762728,0,762728
12536,r228,United States<sup>b</sup> -> Nebraska -> Dry Bean Commission,United States<sup>b</sup>,Nebraska,Dry Bean Commission,3,343193,0,343193
12536,r229,"United States<sup>b</sup> -> Nebraska -> Economic Development, Department of",United States<sup>b</sup>,Nebraska,"Economic Development, Department of",3,4733801,0,4733801
12536,r230,United States<sup>b</sup> -> Nebraska -> Game and Parks Commission,United States<sup>b</sup>,Nebraska,Game and Parks Commission,3,2018739,1438527,580212
12536,r231,United States<sup>b</sup> -> Nebraska -> Grain Sorghum Board,United States<sup>b</sup>,Nebraska,Grain Sorghum Board,3,3000,0,3000
12536,r232,"United States<sup>b</sup> -> Nebraska -> Health and Human Services, Department of",United States<sup>b</sup>,Nebraska,"Health and Human Services, Department of",3,18879659,0,18879659
12536,r233,"United States<sup>b</sup> -> Nebraska -> Midwest Dairy Association, Nebraska Division",United States<sup>b</sup>,Nebraska,"Midwest Dairy Association, Nebraska Division",3,25740,0,25740
12536,r234,"United States<sup>b</sup> -> Nebraska -> Natural Resources, Department of",United States<sup>b</sup>,Nebraska,"Natural Resources, Department of",3,50000,0,50000
12536,r235,United States<sup>b</sup> -> Nebraska -> Pea And Lentil Commission,United States<sup>b</sup>,Nebraska,Pea And Lentil Commission,3,30372,0,30372
12536,r236,"United States<sup>b</sup> -> Nebraska -> Transportation, Department of",United States<sup>b</sup>,Nebraska,"Transportation, Department of",3,1088051,810841,277210
12536,r237,United States<sup>b</sup> -> Nebraska -> Wheat Board,United States<sup>b</sup>,Nebraska,Wheat Board,3,40000,0,40000
12536,r238,United States<sup>b</sup> -> Nevada,United States<sup>b</sup>,Nevada,,2,4072717,1518169,2554548
12536,r239,"United States<sup>b</sup> -> Nevada -> Agriculture, Department of",United States<sup>b</sup>,Nevada,"Agriculture, Department of",3,204134,144134,60000
12536,r240,"United States<sup>b</sup> -> Nevada -> Conservation and Natural Resources, Department of",United States<sup>b</sup>,Nevada,"Conservation and Natural Resources, Department of",3,198678,42035,156643
12536,r241,"United States<sup>b</sup> -> Nevada -> Economic Development, Governor's office of",United States<sup>b</sup>,Nevada,"Economic Development, Governor's office of",3,2190905,0,2190905
12536,r242,"United States<sup>b</sup> -> Nevada -> Transportation, Department of",United States<sup>b</sup>,Nevada,"Transportation, Department of",3,1479000,1332000,147000
12536,r243,United States<sup>b</sup> -> New Hampshire,United States<sup>b</sup>,New Hampshire,,2,2521016,696744,1824272
12536,r244,"United States<sup>b</sup> -> New Hampshire -> Agriculture, Markets and Food, Department of",United States<sup>b</sup>,New Hampshire,"Agriculture, Markets and Food, Department of",3,86551,0,86551
12536,r245,"United States<sup>b</sup> -> New Hampshire -> Environmental Services, Department of",United States<sup>b</sup>,New Hampshire,"Environmental Services, Department of",3,1563535,0,1563535
12536,r246,"United States<sup>b</sup> -> New Hampshire -> Transportation, Department of",United States<sup>b</sup>,New Hampshire,"Transportation, Department of",3,870930,696744,174186
12536,r247,United States<sup>b</sup> -> New Jersey,United States<sup>b</sup>,New Jersey,,2,99832733,3174803,96657930
12536,r248,"United States<sup>b</sup> -> New Jersey -> Children and Families, Department of",United States<sup>b</sup>,New Jersey,"Children and Families, Department of",3,330877,204034,126843
12536,r249,"United States<sup>b</sup> -> New Jersey -> Community Affairs, Department of ",United States<sup>b</sup>,New Jersey,"Community Affairs, Department of ",3,15489,0,15489
12536,r250,"United States<sup>b</sup> -> New Jersey -> Corrections, Department of",United States<sup>b</sup>,New Jersey,"Corrections, Department of",3,498425,119932,378493
12536,r251,"United States<sup>b</sup> -> New Jersey -> Environmental Protection, Department of",United States<sup>b</sup>,New Jersey,"Environmental Protection, Department of",3,7878841,779821,7099020
12536,r252,"United States<sup>b</sup> -> New Jersey -> Health, Department of",United States<sup>b</sup>,New Jersey,"Health, Department of",3,79121918,0,79121918
12536,r253,United States<sup>b</sup> -> New Jersey -> Pinelands Commission,United States<sup>b</sup>,New Jersey,Pinelands Commission,3,797409,278955,518454
12536,r254,"United States<sup>b</sup> -> New Jersey -> Secretary of Higher Education, Office of",United States<sup>b</sup>,New Jersey,"Secretary of Higher Education, Office of",3,8500000,0,8500000
12536,r255,"United States<sup>b</sup> -> New Jersey -> State Parole Board, New Jersey",United States<sup>b</sup>,New Jersey,"State Parole Board, New Jersey",3,93217,93217,0
12536,r256,"United States<sup>b</sup> -> New Jersey -> Transportation, Department of",United States<sup>b</sup>,New Jersey,"Transportation, Department of",3,2596557,1698844,897713
12536,r257,United States<sup>b</sup> -> New Mexico,United States<sup>b</sup>,New Mexico,,2,2337788,1770272,567516
12536,r258,"United States<sup>b</sup> -> New Mexico -> Game and Fish, Department of",United States<sup>b</sup>,New Mexico,"Game and Fish, Department of",3,1501778,1126334,375444
12536,r259,"United States<sup>b</sup> -> New Mexico -> Transportation, Department of",United States<sup>b</sup>,New Mexico,"Transportation, Department of",3,770937,616750,154187
12536,r260,United States<sup>b</sup> -> New Mexico -> Western State Air Resources Council,United States<sup>b</sup>,New Mexico,Western State Air Resources Council,3,65073,27188,37885
12536,r261,United States<sup>b</sup> -> New York,United States<sup>b</sup>,New York,,2,486576578,213112444,273464134
12536,r262,"United States<sup>b</sup> -> New York -> Agriculture and Markets, Department of ",United States<sup>b</sup>,New York,"Agriculture and Markets, Department of ",3,6775611,3352000,3423611
12536,r263,"United States<sup>b</sup> -> New York -> Economic Development, Department of",United States<sup>b</sup>,New York,"Economic Development, Department of",3,98660735,31699904,66960831
12536,r264,United States<sup>b</sup> -> New York -> Energy Research and Development Authority,United States<sup>b</sup>,New York,Energy Research and Development Authority,3,55115891,0,55115891
12536,r265,"United States<sup>b</sup> -> New York -> Environmental Conservation, Department of ",United States<sup>b</sup>,New York,"Environmental Conservation, Department of ",3,11196566,2095026,9101540
12536,r266,"United States<sup>b</sup> -> New York -> Health, Department of ",United States<sup>b</sup>,New York,"Health, Department of ",3,42199899,19836790,22363109
12536,r267,"United States<sup>b</sup> -> New York -> Mental Health, Office of ",United States<sup>b</sup>,New York,"Mental Health, Office of ",3,170362799,92822287,77540512
12536,r268,"United States<sup>b</sup> -> New York -> People with Developmental Disabilities, Office of",United States<sup>b</sup>,New York,"People with Developmental Disabilities, Office of",3,2317096,2101295,215801
12536,r269,United States<sup>b</sup> -> New York -> Power Authority,United States<sup>b</sup>,New York,Power Authority,3,9265322,0,9265322
12536,r270,United States<sup>b</sup> -> New York -> Roswell Park Comprehensive Cancer Center,United States<sup>b</sup>,New York,Roswell Park Comprehensive Cancer Center,3,76048189,58317994,17730195
12536,r271,United States<sup>b</sup> -> New York -> State Museum,United States<sup>b</sup>,New York,State Museum,3,11121948,369282,10752666
12536,r272,United States<sup>b</sup> -> New York -> Thoroughbred Breeding and Development Fund Corp,United States<sup>b</sup>,New York,Thoroughbred Breeding and Development Fund Corp,3,365189,0,365189
12536,r273,"United States<sup>b</sup> -> New York -> Transportation, Department of ",United States<sup>b</sup>,New York,"Transportation, Department of ",3,3147333,2517866,629467
12536,r274,United States<sup>b</sup> -> North Carolina,United States<sup>b</sup>,North Carolina,,2,36106613,7435519,28671094
12536,r275,"United States<sup>b</sup> -> North Carolina -> Agriculture and Consumer Services, Department of",United States<sup>b</sup>,North Carolina,"Agriculture and Consumer Services, Department of",3,15422911,0,15422911
12536,r276,United States<sup>b</sup> -> North Carolina -> Biotechnology Center,United States<sup>b</sup>,North Carolina,Biotechnology Center,3,7770931,0,7770931
12536,r277,"United States<sup>b</sup> -> North Carolina -> Natural and Cultural Resources, Department of",United States<sup>b</sup>,North Carolina,"Natural and Cultural Resources, Department of",3,2135087,151733,1983354
12536,r278,"United States<sup>b</sup> -> North Carolina -> Science Technology & Innovation, Office of",United States<sup>b</sup>,North Carolina,"Science Technology & Innovation, Office of",3,2048421,0,2048421
12536,r279,"United States<sup>b</sup> -> North Carolina -> Transportation, Department of",United States<sup>b</sup>,North Carolina,"Transportation, Department of",3,8572434,7283786,1288648
12536,r280,United States<sup>b</sup> -> North Carolina -> Wine and Grape Growers Council,United States<sup>b</sup>,North Carolina,Wine and Grape Growers Council,3,156829,0,156829
12536,r281,United States<sup>b</sup> -> North Dakota,United States<sup>b</sup>,North Dakota,,2,25822123,2813356,23008767
12536,r282,"United States<sup>b</sup> -> North Dakota -> Agriculture, Department of",United States<sup>b</sup>,North Dakota,"Agriculture, Department of",3,924605,0,924605
12536,r283,United States<sup>b</sup> -> North Dakota -> Dry Pea and Lentil Commission,United States<sup>b</sup>,North Dakota,Dry Pea and Lentil Commission,3,257308,0,257308
12536,r284,"United States<sup>b</sup> -> North Dakota -> Game and Fish, Department of",United States<sup>b</sup>,North Dakota,"Game and Fish, Department of",3,659780,588608,71172
12536,r285,United States<sup>b</sup> -> North Dakota -> Historical Society of North Dakota,United States<sup>b</sup>,North Dakota,Historical Society of North Dakota,3,1034581,473530,561051
12536,r286,United States<sup>b</sup> -> North Dakota -> Industrial Commission,United States<sup>b</sup>,North Dakota,Industrial Commission,3,18378646,0,18378646
12536,r287,"United States<sup>b</sup> -> North Dakota -> Midwest Dairy Association, North Dakota Division",United States<sup>b</sup>,North Dakota,"Midwest Dairy Association, North Dakota Division",3,6435,0,6435
12536,r288,United States<sup>b</sup> -> North Dakota -> Soybean Council,United States<sup>b</sup>,North Dakota,Soybean Council,3,1531730,0,1531730
12536,r289,"United States<sup>b</sup> -> North Dakota -> Transportation, Department of",United States<sup>b</sup>,North Dakota,"Transportation, Department of",3,1820328,1751218,69110
12536,r290,United States<sup>b</sup> -> North Dakota -> Wheat Commission,United States<sup>b</sup>,North Dakota,Wheat Commission,3,1208710,0,1208710
12536,r291,United States<sup>b</sup> -> Ohio,United States<sup>b</sup>,Ohio,,2,117471257,6092750,111378507
12536,r292,"United States<sup>b</sup> -> Ohio -> Development, Department of",United States<sup>b</sup>,Ohio,"Development, Department of",3,88778286,0,88778286
12536,r293,"United States<sup>b</sup> -> Ohio -> Education & Workforce, Department of",United States<sup>b</sup>,Ohio,"Education & Workforce, Department of",3,166000,141000,25000
12536,r294,"United States<sup>b</sup> -> Ohio -> Mental Health and Addictions Services, Department of",United States<sup>b</sup>,Ohio,"Mental Health and Addictions Services, Department of",3,20000000,0,20000000
12536,r295,"United States<sup>b</sup> -> Ohio -> Natural Resources, Department of",United States<sup>b</sup>,Ohio,"Natural Resources, Department of",3,2230912,1568752,662160
12536,r296,"United States<sup>b</sup> -> Ohio -> Transportation, Department of",United States<sup>b</sup>,Ohio,"Transportation, Department of",3,5432652,4382998,1049654
12536,r297,United States<sup>b</sup> -> Ohio -> Water Development Authority,United States<sup>b</sup>,Ohio,Water Development Authority,3,863407,0,863407
12536,r298,United States<sup>b</sup> -> Oklahoma,United States<sup>b</sup>,Oklahoma,,2,28885260,7359723,21525537
12536,r299,"United States<sup>b</sup> -> Oklahoma -> Advancement of Science and Technology, Center for the ",United States<sup>b</sup>,Oklahoma,"Advancement of Science and Technology, Center for the ",3,8294382,0,8294382
12536,r300,"United States<sup>b</sup> -> Oklahoma -> Agriculture, Food, and Forestry, Department of",United States<sup>b</sup>,Oklahoma,"Agriculture, Food, and Forestry, Department of",3,426689,426689,0
12536,r301,United States<sup>b</sup> -> Oklahoma -> Grand River Dam Authority,United States<sup>b</sup>,Oklahoma,Grand River Dam Authority,3,455000,0,455000
12536,r302,"United States<sup>b</sup> -> Oklahoma -> Health, Department of",United States<sup>b</sup>,Oklahoma,"Health, Department of",3,1314070,1314070,0
12536,r303,"United States<sup>b</sup> -> Oklahoma -> Human Services, Department of",United States<sup>b</sup>,Oklahoma,"Human Services, Department of",3,174930,153321,21609
12536,r304,"United States<sup>b</sup> -> Oklahoma -> Midwest Dairy Association, Oklahoma Division",United States<sup>b</sup>,Oklahoma,"Midwest Dairy Association, Oklahoma Division",3,4950,0,4950
12536,r305,United States<sup>b</sup> -> Oklahoma -> Tobacco Settlement Endowment Trust,United States<sup>b</sup>,Oklahoma,Tobacco Settlement Endowment Trust,3,12280957,0,12280957
12536,r306,"United States<sup>b</sup> -> Oklahoma -> Transportation, Department of",United States<sup>b</sup>,Oklahoma,"Transportation, Department of",3,4240128,3797299,442829
12536,r307,"United States<sup>b</sup> -> Oklahoma -> Wildlife Conservation, Department of",United States<sup>b</sup>,Oklahoma,"Wildlife Conservation, Department of",3,1694154,1668344,25810
12536,r308,United States<sup>b</sup> -> Oregon,United States<sup>b</sup>,Oregon,,2,40257488,16966844,23290644
12536,r309,"United States<sup>b</sup> -> Oregon -> Agriculture, Department of",United States<sup>b</sup>,Oregon,"Agriculture, Department of",3,203998,0,203998
12536,r310,United States<sup>b</sup> -> Oregon -> Business Development Department,United States<sup>b</sup>,Oregon,Business Development Department,3,12000000,0,12000000
12536,r311,"United States<sup>b</sup> -> Oregon -> Education, Department of",United States<sup>b</sup>,Oregon,"Education, Department of",3,456836,456836,0
12536,r312,"United States<sup>b</sup> -> Oregon -> Fish and Wildlife, Department of",United States<sup>b</sup>,Oregon,"Fish and Wildlife, Department of",3,16166574,11507143,4659431
12536,r313,"United States<sup>b</sup> -> Oregon -> Forestry, Department of",United States<sup>b</sup>,Oregon,"Forestry, Department of",3,700000,0,700000
12536,r314,"United States<sup>b</sup> -> Oregon -> Geology and Mineral Industries, Department of",United States<sup>b</sup>,Oregon,"Geology and Mineral Industries, Department of",3,1118540,1077415,41125
12536,r315,"United States<sup>b</sup> -> Oregon -> Human Services, Department of",United States<sup>b</sup>,Oregon,"Human Services, Department of",3,3077411,915237,2162174
12536,r316,"United States<sup>b</sup> -> Oregon -> Transportation, Department of",United States<sup>b</sup>,Oregon,"Transportation, Department of",3,3836183,3007398,828785
12536,r317,United States<sup>b</sup> -> Oregon -> Water Resources Department,United States<sup>b</sup>,Oregon,Water Resources Department,3,1526296,0,1526296
12536,r318,United States<sup>b</sup> -> Oregon -> Watershed Enhancement Board,United States<sup>b</sup>,Oregon,Watershed Enhancement Board,3,1171650,2815,1168835
12536,r319,United States<sup>b</sup> -> Pennsylvania,United States<sup>b</sup>,Pennsylvania,,2,99487575,12247746,87239829
12536,r320,"United States<sup>b</sup> -> Pennsylvania -> Agriculture, Department of",United States<sup>b</sup>,Pennsylvania,"Agriculture, Department of",3,2817440,630440,2187000
12536,r321,"United States<sup>b</sup> -> Pennsylvania -> Community and Economic Development, Department of",United States<sup>b</sup>,Pennsylvania,"Community and Economic Development, Department of",3,21742628,0,21742628
12536,r322,"United States<sup>b</sup> -> Pennsylvania -> Conservation and Natural Resources, Department of",United States<sup>b</sup>,Pennsylvania,"Conservation and Natural Resources, Department of",3,682346,0,682346
12536,r323,"United States<sup>b</sup> -> Pennsylvania -> Environmental Protection, Department of",United States<sup>b</sup>,Pennsylvania,"Environmental Protection, Department of",3,257919,0,257919
12536,r324,United States<sup>b</sup> -> Pennsylvania -> Fish and Boat Commission,United States<sup>b</sup>,Pennsylvania,Fish and Boat Commission,3,163584,68379,95205
12536,r325,United States<sup>b</sup> -> Pennsylvania -> Game Commission,United States<sup>b</sup>,Pennsylvania,Game Commission,3,16916509,8953655,7962854
12536,r326,"United States<sup>b</sup> -> Pennsylvania -> Health, Department of",United States<sup>b</sup>,Pennsylvania,"Health, Department of",3,54141877,0,54141877
12536,r327,United States<sup>b</sup> -> Pennsylvania -> Susquehanna River Basin Commission,United States<sup>b</sup>,Pennsylvania,Susquehanna River Basin Commission,3,255000,85000,170000
12536,r328,"United States<sup>b</sup> -> Pennsylvania -> Transportation, Department of",United States<sup>b</sup>,Pennsylvania,"Transportation, Department of",3,2510272,2510272,0
12536,r329,United States<sup>b</sup> -> Rhode Island,United States<sup>b</sup>,Rhode Island,,2,4635868,3666349,969519
12536,r330,United States<sup>b</sup> -> Rhode Island -> Commerce Corporation,United States<sup>b</sup>,Rhode Island,Commerce Corporation,3,749530,0,749530
12536,r331,"United States<sup>b</sup> -> Rhode Island -> Fish and Wildlife; Environmental Management, Department of",United States<sup>b</sup>,Rhode Island,"Fish and Wildlife; Environmental Management, Department of",3,1755569,1755569,0
12536,r332,"United States<sup>b</sup> -> Rhode Island -> Marine Fisheries; Environmental Management, Department of",United States<sup>b</sup>,Rhode Island,"Marine Fisheries; Environmental Management, Department of",3,134234,134234,0
12536,r333,"United States<sup>b</sup> -> Rhode Island -> Narragansett Bay National Estuarine Research Reserve; Environmental Management, Department of",United States<sup>b</sup>,Rhode Island,"Narragansett Bay National Estuarine Research Reserve; Environmental Management, Department of",3,236546,236546,0
12536,r334,"United States<sup>b</sup> -> Rhode Island -> Transportation, Department of",United States<sup>b</sup>,Rhode Island,"Transportation, Department of",3,1687000,1540000,147000
12536,r335,United States<sup>b</sup> -> Rhode Island -> Water Resources Board,United States<sup>b</sup>,Rhode Island,Water Resources Board,3,72989,0,72989
12536,r336,United States<sup>b</sup> -> South Carolina,United States<sup>b</sup>,South Carolina,,2,53419952,34218558,19201394
12536,r337,"United States<sup>b</sup> -> South Carolina -> Agriculture, Department of",United States<sup>b</sup>,South Carolina,"Agriculture, Department of",3,1229068,188466,1040602
12536,r338,"United States<sup>b</sup> -> South Carolina -> Disabilities and Special Needs, Department of",United States<sup>b</sup>,South Carolina,"Disabilities and Special Needs, Department of",3,12227417,7127417,5100000
12536,r339,"United States<sup>b</sup> -> South Carolina -> Health and Environmental Control, Department of",United States<sup>b</sup>,South Carolina,"Health and Environmental Control, Department of",3,1824716,1118786,705930
12536,r340,"United States<sup>b</sup> -> South Carolina -> Natural Resources, Department of",United States<sup>b</sup>,South Carolina,"Natural Resources, Department of",3,29190303,20777867,8412436
12536,r341,United States<sup>b</sup> -> South Carolina -> Public Service Authority,United States<sup>b</sup>,South Carolina,Public Service Authority,3,512345,0,512345
12536,r342,United States<sup>b</sup> -> South Carolina -> Research Authority,United States<sup>b</sup>,South Carolina,Research Authority,3,2075537,76766,1998771
12536,r343,United States<sup>b</sup> -> South Carolina -> Sea Grant Consortium,United States<sup>b</sup>,South Carolina,Sea Grant Consortium,3,4121416,3147413,974003
12536,r344,"United States<sup>b</sup> -> South Carolina -> Transportation, Department of",United States<sup>b</sup>,South Carolina,"Transportation, Department of",3,2239150,1781843,457307
12536,r345,United States<sup>b</sup> -> South Dakota,United States<sup>b</sup>,South Dakota,,2,5227211,1549087,3678124
12536,r346,United States<sup>b</sup> -> South Dakota -> Corn Utilization Council,United States<sup>b</sup>,South Dakota,Corn Utilization Council,3,37445,0,37445
12536,r347,"United States<sup>b</sup> -> South Dakota -> Midwest Dairy Association, South Dakota Division",United States<sup>b</sup>,South Dakota,"Midwest Dairy Association, South Dakota Division",3,90090,0,90090
12536,r348,United States<sup>b</sup> -> South Dakota -> Nutrient Research and Education Council,United States<sup>b</sup>,South Dakota,Nutrient Research and Education Council,3,1479262,0,1479262
12536,r349,United States<sup>b</sup> -> South Dakota -> Oilseeds Council,United States<sup>b</sup>,South Dakota,Oilseeds Council,3,204975,0,204975
12536,r350,United States<sup>b</sup> -> South Dakota -> Pulse Crop Council,United States<sup>b</sup>,South Dakota,Pulse Crop Council,3,33610,0,33610
12536,r351,United States<sup>b</sup> -> South Dakota -> Soybean Research and Promotion Council,United States<sup>b</sup>,South Dakota,Soybean Research and Promotion Council,3,845866,0,845866
12536,r352,"United States<sup>b</sup> -> South Dakota -> Transportation, Department of",United States<sup>b</sup>,South Dakota,"Transportation, Department of",3,1904042,1549087,354955
12536,r353,United States<sup>b</sup> -> South Dakota -> Weed and Pest Control Commission,United States<sup>b</sup>,South Dakota,Weed and Pest Control Commission,3,47000,0,47000
12536,r354,United States<sup>b</sup> -> South Dakota -> Wheat Commission,United States<sup>b</sup>,South Dakota,Wheat Commission,3,584921,0,584921
12536,r355,United States<sup>b</sup> -> Tennessee,United States<sup>b</sup>,Tennessee,,2,67457255,21382255,46075000
12536,r356,"United States<sup>b</sup> -> Tennessee -> Education, Department of",United States<sup>b</sup>,Tennessee,"Education, Department of",3,57171745,18743677,38428068
12536,r357,"United States<sup>b</sup> -> Tennessee -> Environment and Conservation, Department of",United States<sup>b</sup>,Tennessee,"Environment and Conservation, Department of",3,50851,50851,0
12536,r358,United States<sup>b</sup> -> Tennessee -> LaunchTN,United States<sup>b</sup>,Tennessee,LaunchTN,3,7000000,0,7000000
12536,r359,"United States<sup>b</sup> -> Tennessee -> Transportation, Department of",United States<sup>b</sup>,Tennessee,"Transportation, Department of",3,3234659,2587727,646932
12536,r360,United States<sup>b</sup> -> Texas,United States<sup>b</sup>,Texas,,2,282261790,29590735,252671055
12536,r361,"United States<sup>b</sup> -> Texas -> Agriculture, Department of",United States<sup>b</sup>,Texas,"Agriculture, Department of",3,2086663,1926663,160000
12536,r362,United States<sup>b</sup> -> Texas -> Alzheimer's Research and Care Consortium (TARCC),United States<sup>b</sup>,Texas,Alzheimer's Research and Care Consortium (TARCC),3,4384547,0,4384547
12536,r363,United States<sup>b</sup> -> Texas -> Cancer Prevention and Research Institute,United States<sup>b</sup>,Texas,Cancer Prevention and Research Institute,3,237997927,0,237997927
12536,r364,"United States<sup>b</sup> -> Texas -> Environmental Quality, Commission on",United States<sup>b</sup>,Texas,"Environmental Quality, Commission on",3,2255204,987947,1267257
12536,r365,United States<sup>b</sup> -> Texas -> Parks and Wildlife Department,United States<sup>b</sup>,Texas,Parks and Wildlife Department,3,5484621,4667675,816946
12536,r366,"United States<sup>b</sup> -> Texas -> State Health Services, Department of ",United States<sup>b</sup>,Texas,"State Health Services, Department of ",3,2257536,2018723,238813
12536,r367,"United States<sup>b</sup> -> Texas -> Transportation, Department of",United States<sup>b</sup>,Texas,"Transportation, Department of",3,24220565,19989727,4230838
12536,r368,United States<sup>b</sup> -> Texas -> Water Development Board,United States<sup>b</sup>,Texas,Water Development Board,3,3574727,0,3574727
12536,r369,United States<sup>b</sup> -> Utah,United States<sup>b</sup>,Utah,,2,10119476,1301894,8817582
12536,r370,"United States<sup>b</sup> -> Utah -> Agriculture and Food, Department of",United States<sup>b</sup>,Utah,"Agriculture and Food, Department of",3,1317,1317,0
12536,r371,"United States<sup>b</sup> -> Utah -> Environmental Quality, Department of",United States<sup>b</sup>,Utah,"Environmental Quality, Department of",3,1036855,167007,869848
12536,r372,"United States<sup>b</sup> -> Utah -> Natural Resources, Department of",United States<sup>b</sup>,Utah,"Natural Resources, Department of",3,6352113,0,6352113
12536,r373,"United States<sup>b</sup> -> Utah -> Transportation, Department of ",United States<sup>b</sup>,Utah,"Transportation, Department of ",3,2729191,1133570,1595621
12536,r374,United States<sup>b</sup> -> Vermont,United States<sup>b</sup>,Vermont,,2,2833206,2608039,225167
12536,r375,"United States<sup>b</sup> -> Vermont -> Agriculture, Food, and Markets, Agency of",United States<sup>b</sup>,Vermont,"Agriculture, Food, and Markets, Agency of",3,79783,0,79783
12536,r376,"United States<sup>b</sup> -> Vermont -> Human Services, Agency of",United States<sup>b</sup>,Vermont,"Human Services, Agency of",3,1818036,1818036,0
12536,r377,"United States<sup>b</sup> -> Vermont -> Transportation, Agency of",United States<sup>b</sup>,Vermont,"Transportation, Agency of",3,935387,790003,145384
12536,r378,United States<sup>b</sup> -> Virginia,United States<sup>b</sup>,Virginia,,2,57260560,21236524,36024036
12536,r379,"United States<sup>b</sup> -> Virginia -> Agriculture and Consumer Services, Department of",United States<sup>b</sup>,Virginia,"Agriculture and Consumer Services, Department of",3,3066176,484901,2581275
12536,r380,"United States<sup>b</sup> -> Virginia -> Behavioral Health and Developmental Services, Department of",United States<sup>b</sup>,Virginia,"Behavioral Health and Developmental Services, Department of",3,5100,0,5100
12536,r381,United States<sup>b</sup> -> Virginia -> Commonwealth Health Research Board,United States<sup>b</sup>,Virginia,Commonwealth Health Research Board,3,1573838,0,1573838
12536,r382,"United States<sup>b</sup> -> Virginia -> Education, Department of",United States<sup>b</sup>,Virginia,"Education, Department of",3,1115000,750000,365000
12536,r383,"United States<sup>b</sup> -> Virginia -> Energy, Department of",United States<sup>b</sup>,Virginia,"Energy, Department of",3,1321426,774258,547168
12536,r384,"United States<sup>b</sup> -> Virginia -> Environmental Quality, Department of",United States<sup>b</sup>,Virginia,"Environmental Quality, Department of",3,382014,283754,98260
12536,r385,"United States<sup>b</sup> -> Virginia -> Forensic Science, Department of",United States<sup>b</sup>,Virginia,"Forensic Science, Department of",3,1067190,180165,887025
12536,r386,"United States<sup>b</sup> -> Virginia -> Forestry, Department of",United States<sup>b</sup>,Virginia,"Forestry, Department of",3,481630,370635,110995
12536,r387,United States<sup>b</sup> -> Virginia -> Foundation for Healthy Youth,United States<sup>b</sup>,Virginia,Foundation for Healthy Youth,3,907041,0,907041
12536,r388,United States<sup>b</sup> -> Virginia -> Innovation Partnership Corporation,United States<sup>b</sup>,Virginia,Innovation Partnership Corporation,3,18076226,5412624,12663602
12536,r389,United States<sup>b</sup> -> Virginia -> Institute for Advanced Learning and Research,United States<sup>b</sup>,Virginia,Institute for Advanced Learning and Research,3,68000,0,68000
12536,r390,United States<sup>b</sup> -> Virginia -> Marine Resources Commission,United States<sup>b</sup>,Virginia,Marine Resources Commission,3,2314260,1894767,419493
12536,r391,"United States<sup>b</sup> -> Virginia -> Natural History, Museum of",United States<sup>b</sup>,Virginia,"Natural History, Museum of",3,1001282,0,1001282
12536,r392,United States<sup>b</sup> -> Virginia -> Rail and Public Transportation,United States<sup>b</sup>,Virginia,Rail and Public Transportation,3,1004284,52958,951326
12536,r393,"United States<sup>b</sup> -> Virginia -> Social Services, Department of",United States<sup>b</sup>,Virginia,"Social Services, Department of",3,1050000,525000,525000
12536,r394,"United States<sup>b</sup> -> Virginia -> Transportation, Department of",United States<sup>b</sup>,Virginia,"Transportation, Department of",3,15450372,5832685,9617687
12536,r395,"United States<sup>b</sup> -> Virginia -> Wildlife Resources, Department of",United States<sup>b</sup>,Virginia,"Wildlife Resources, Department of",3,8376721,4674777,3701944
12536,r396,United States<sup>b</sup> -> Washington,United States<sup>b</sup>,Washington,,2,60479947,16343423,44136524
12536,r397,"United States<sup>b</sup> -> Washington -> Agriculture, Department of",United States<sup>b</sup>,Washington,"Agriculture, Department of",3,3880349,2810997,1069352
12536,r398,United States<sup>b</sup> -> Washington -> Alfalfa Seed Commission,United States<sup>b</sup>,Washington,Alfalfa Seed Commission,3,20000,0,20000
12536,r399,United States<sup>b</sup> -> Washington -> Asparagus Commission,United States<sup>b</sup>,Washington,Asparagus Commission,3,33000,0,33000
12536,r400,United States<sup>b</sup> -> Washington -> Blueberry Commission,United States<sup>b</sup>,Washington,Blueberry Commission,3,77262,0,77262
12536,r401,"United States<sup>b</sup> -> Washington -> Commerce, Department of",United States<sup>b</sup>,Washington,"Commerce, Department of",3,7387066,0,7387066
12536,r402,United States<sup>b</sup> -> Washington -> Dairy Products Commission,United States<sup>b</sup>,Washington,Dairy Products Commission,3,20000,0,20000
12536,r403,"United States<sup>b</sup> -> Washington -> Ecology, Department of",United States<sup>b</sup>,Washington,"Ecology, Department of",3,2886743,603692,2283051
12536,r404,"United States<sup>b</sup> -> Washington -> Fish and Wildlife, Department of",United States<sup>b</sup>,Washington,"Fish and Wildlife, Department of",3,11115720,4098904,7016816
12536,r405,United States<sup>b</sup> -> Washington -> Fruit Commission,United States<sup>b</sup>,Washington,Fruit Commission,3,92424,0,92424
12536,r406,United States<sup>b</sup> -> Washington -> Grain Commission,United States<sup>b</sup>,Washington,Grain Commission,3,2050158,0,2050158
12536,r407,"United States<sup>b</sup> -> Washington -> Health, Department of",United States<sup>b</sup>,Washington,"Health, Department of",3,1265000,898000,367000
12536,r408,United States<sup>b</sup> -> Washington -> Hop Commission,United States<sup>b</sup>,Washington,Hop Commission,3,141228,0,141228
12536,r409,"United States<sup>b</sup> -> Washington -> Labor and Industries, Department of",United States<sup>b</sup>,Washington,"Labor and Industries, Department of",3,3337518,489824,2847694
12536,r410,United States<sup>b</sup> -> Washington -> Mint Commission,United States<sup>b</sup>,Washington,Mint Commission,3,35289,0,35289
12536,r411,"United States<sup>b</sup> -> Washington -> Natural Resources, Department of",United States<sup>b</sup>,Washington,"Natural Resources, Department of",3,11714582,495313,11219269
12536,r412,United States<sup>b</sup> -> Washington -> Oilseeds Commission,United States<sup>b</sup>,Washington,Oilseeds Commission,3,69887,0,69887
12536,r413,"United States<sup>b</sup> -> Washington -> Pesticide Registration, Commission on",United States<sup>b</sup>,Washington,"Pesticide Registration, Commission on",3,427997,0,427997
12536,r414,United States<sup>b</sup> -> Washington -> Potato Commission,United States<sup>b</sup>,Washington,Potato Commission,3,808462,0,808462
12536,r415,United States<sup>b</sup> -> Washington -> Puget Sound Partnership,United States<sup>b</sup>,Washington,Puget Sound Partnership,3,3615000,1245000,2370000
12536,r416,United States<sup>b</sup> -> Washington -> Pulse Crops Commission,United States<sup>b</sup>,Washington,Pulse Crops Commission,3,140077,0,140077
12536,r417,United States<sup>b</sup> -> Washington -> Red Raspberry Commission,United States<sup>b</sup>,Washington,Red Raspberry Commission,3,179481,0,179481
12536,r418,"United States<sup>b</sup> -> Washington -> Transportation, Department of",United States<sup>b</sup>,Washington,"Transportation, Department of",3,6136300,4882200,1254100
12536,r419,United States<sup>b</sup> -> Washington -> Tree Fruit Research Commission,United States<sup>b</sup>,Washington,Tree Fruit Research Commission,3,4484773,808662,3676111
12536,r420,United States<sup>b</sup> -> Washington -> Turfgrass Seed Commission,United States<sup>b</sup>,Washington,Turfgrass Seed Commission,3,110619,0,110619
12536,r421,United States<sup>b</sup> -> Washington -> Wine Commission,United States<sup>b</sup>,Washington,Wine Commission,3,451012,10831,440181
12536,r422,United States<sup>b</sup> -> West Virginia,United States<sup>b</sup>,West Virginia,,2,8731717,3970816,4760901
12536,r423,"United States<sup>b</sup> -> West Virginia -> Agriculture, Department of",United States<sup>b</sup>,West Virginia,"Agriculture, Department of",3,43500,43500,0
12536,r424,United States<sup>b</sup> -> West Virginia -> Geological and Economic Survey,United States<sup>b</sup>,West Virginia,Geological and Economic Survey,3,2516066,198989,2317077
12536,r425,United States<sup>b</sup> -> West Virginia -> Higher Education Policy Commission,United States<sup>b</sup>,West Virginia,Higher Education Policy Commission,3,1832049,384242,1447807
12536,r426,"United States<sup>b</sup> -> West Virginia -> Justice and Community Services, Division of Administrative Services",United States<sup>b</sup>,West Virginia,"Justice and Community Services, Division of Administrative Services",3,105395,55000,50395
12536,r427,"United States<sup>b</sup> -> West Virginia -> Natural Resources, Division of",United States<sup>b</sup>,West Virginia,"Natural Resources, Division of",3,2148601,1620200,528401
12536,r428,"United States<sup>b</sup> -> West Virginia -> Transportation, Department of",United States<sup>b</sup>,West Virginia,"Transportation, Department of",3,2086106,1668885,417221
12536,r429,United States<sup>b</sup> -> Wisconsin,United States<sup>b</sup>,Wisconsin,,2,16366530,10491049,5875481
12536,r430,"United States<sup>b</sup> -> Wisconsin -> Agriculture, Trade and Consumer Protection, Department of",United States<sup>b</sup>,Wisconsin,"Agriculture, Trade and Consumer Protection, Department of",3,2384761,1872844,511917
12536,r431,United States<sup>b</sup> -> Wisconsin -> Economic Development Corporation,United States<sup>b</sup>,Wisconsin,Economic Development Corporation,3,2096000,0,2096000
12536,r432,"United States<sup>b</sup> -> Wisconsin -> Natural Resources, Department of",United States<sup>b</sup>,Wisconsin,"Natural Resources, Department of",3,7574828,4657206,2917622
12536,r433,"United States<sup>b</sup> -> Wisconsin -> Transportation, Department of",United States<sup>b</sup>,Wisconsin,"Transportation, Department of",3,4310941,3960999,349942
12536,r434,United States<sup>b</sup> -> Wyoming,United States<sup>b</sup>,Wyoming,,2,9886086,4067042,5819044
12536,r435,"United States<sup>b</sup> -> Wyoming -> Agriculture, Department of",United States<sup>b</sup>,Wyoming,"Agriculture, Department of",3,549736,233064,316672
12536,r436,United States<sup>b</sup> -> Wyoming -> Business Council,United States<sup>b</sup>,Wyoming,Business Council,3,2010000,0,2010000
12536,r437,United States<sup>b</sup> -> Wyoming -> Enhanced Oil Recovery Institute,United States<sup>b</sup>,Wyoming,Enhanced Oil Recovery Institute,3,2049753,1704889,344864
12536,r438,United States<sup>b</sup> -> Wyoming -> Game and Fish Department,United States<sup>b</sup>,Wyoming,Game and Fish Department,3,1991442,1486635,504807
12536,r439,United States<sup>b</sup> -> Wyoming -> State Geological Survey,United States<sup>b</sup>,Wyoming,State Geological Survey,3,2095403,47347,2048056
12536,r440,"United States<sup>b</sup> -> Wyoming -> Transportation, Department of",United States<sup>b</sup>,Wyoming,"Transportation, Department of",3,746932,595107,151825
12536,r441,United States<sup>b</sup> -> Wyoming -> Water Development Office,United States<sup>b</sup>,Wyoming,Water Development Office,3,442820,0,442820
12536,r442,Puerto Rico<sup>c</sup>,Puerto Rico<sup>c</sup>,,,1,47543226,23575491,23967735
12536,r443,"Puerto Rico<sup>c</sup> -> Business Development Office, Economic Development & Commerce",Puerto Rico<sup>c</sup>,"Business Development Office, Economic Development & Commerce",,2,7190000,0,7190000
12536,r444,Puerto Rico<sup>c</sup> -> Comprehensive Cancer Center,Puerto Rico<sup>c</sup>,Comprehensive Cancer Center,,2,16142829,5884363,10258466
12536,r445,Puerto Rico<sup>c</sup> -> Economic Development & Commerce,Puerto Rico<sup>c</sup>,Economic Development & Commerce,,2,528263,0,528263
12536,r446,"Puerto Rico<sup>c</sup> -> Health, Department of ",Puerto Rico<sup>c</sup>,"Health, Department of ",,2,17000000,17000000,0
12536,r447,Puerto Rico<sup>c</sup> -> Innovation and Technology Services,Puerto Rico<sup>c</sup>,Innovation and Technology Services,,2,3453922,0,3453922
12536,r448,Puerto Rico<sup>c</sup> -> Institute of Statistics,Puerto Rico<sup>c</sup>,Institute of Statistics,,2,1615810,197833,1417977
12536,r449,"Puerto Rico<sup>c</sup> -> Science, Technology and Research Trust",Puerto Rico<sup>c</sup>,"Science, Technology and Research Trust",,2,1612402,493295,1119107
