table_id,row_id,state_and_department_or_agency_full_path,state_and_department_or_agency_level_1,state_and_department_or_agency_level_2,state_and_department_or_agency_level_3,state_and_department_or_agency_hierarchy_depth,field_all_r_d_expenditures,field_source_of_funds_federal_government,field_source_of_funds_state_and_all_othersa
2466,r001,United States<sup>b</sup>,United States<sup>b</sup>,,,1,2426882959,560855931,1866027028
2466,r002,United States<sup>b</sup> -> Alabama,United States<sup>b</sup>,Alabama,,2,19763230,8126730,11636500
2466,r003,"United States<sup>b</sup> -> Alabama -> Commerce, Department of",United States<sup>b</sup>,Alabama,"Commerce, Department of",3,2500000,0,2500000
2466,r004,"United States<sup>b</sup> -> Alabama -> Conservation and Natural Resources, Department of: Wildlife and Freshwater Fisheries Division",United States<sup>b</sup>,Alabama,"Conservation and Natural Resources, Department of: Wildlife and Freshwater Fisheries Division",3,2908673,2235155,673518
2466,r005,"United States<sup>b</sup> -> Alabama -> Education, Department of",United States<sup>b</sup>,Alabama,"Education, Department of",3,610000,0,610000
2466,r006,"United States<sup>b</sup> -> Alabama -> Forensic Sciences, Department of",United States<sup>b</sup>,Alabama,"Forensic Sciences, Department of",3,238454,0,238454
2466,r007,United States<sup>b</sup> -> Alabama -> Geological Survey,United States<sup>b</sup>,Alabama,Geological Survey,3,2321007,585647,1735360
2466,r008,"United States<sup>b</sup> -> Alabama -> Marine Environmental Science Consortium, Dauphin Island Sea Lab",United States<sup>b</sup>,Alabama,"Marine Environmental Science Consortium, Dauphin Island Sea Lab",3,4373500,2111500,2262000
2466,r009,United States<sup>b</sup> -> Alabama -> Supercomputer Authority,United States<sup>b</sup>,Alabama,Supercomputer Authority,3,3153648,0,3153648
2466,r010,"United States<sup>b</sup> -> Alabama -> Transportation, Department of",United States<sup>b</sup>,Alabama,"Transportation, Department of",3,3657948,3194428,463520
2466,r011,United States<sup>b</sup> -> Alaska,United States<sup>b</sup>,Alaska,,2,12502109,4540940,7961169
2466,r012,United States<sup>b</sup> -> Alaska -> Energy Authority,United States<sup>b</sup>,Alaska,Energy Authority,3,102206,2162,100044
2466,r013,"United States<sup>b</sup> -> Alaska -> Environmental Conservation, Department of ",United States<sup>b</sup>,Alaska,"Environmental Conservation, Department of ",3,320476,160511,159965
2466,r014,United States<sup>b</sup> -> Alaska -> Housing Finance Corporation,United States<sup>b</sup>,Alaska,Housing Finance Corporation,3,1000000,0,1000000
2466,r015,"United States<sup>b</sup> -> Alaska -> Natural Resources, Division of Geological and Geophysical Surveys, Department of",United States<sup>b</sup>,Alaska,"Natural Resources, Division of Geological and Geophysical Surveys, Department of",3,8392100,2115200,6276900
2466,r016,United States<sup>b</sup> -> Alaska -> Railroad Corporation,United States<sup>b</sup>,Alaska,Railroad Corporation,3,1330621,1064496,266125
2466,r017,"United States<sup>b</sup> -> Alaska -> Transportation and Public Facilities, Department of",United States<sup>b</sup>,Alaska,"Transportation and Public Facilities, Department of",3,1356706,1198571,158135
2466,r018,United States<sup>b</sup> -> Arizona,United States<sup>b</sup>,Arizona,,2,17332044,2973198,14358846
2466,r019,"United States<sup>b</sup> -> Arizona -> Agriculture, Department of",United States<sup>b</sup>,Arizona,"Agriculture, Department of",3,1176374,961349,215025
2466,r020,United States<sup>b</sup> -> Arizona -> Game and Fish Department,United States<sup>b</sup>,Arizona,Game and Fish Department,3,811096,810636,460
2466,r021,"United States<sup>b</sup> -> Arizona -> Health Services, Department of",United States<sup>b</sup>,Arizona,"Health Services, Department of",3,13843058,0,13843058
2466,r022,"United States<sup>b</sup> -> Arizona -> Transportation, Department of",United States<sup>b</sup>,Arizona,"Transportation, Department of",3,1501516,1201213,300303
2466,r023,United States<sup>b</sup> -> Arkansas,United States<sup>b</sup>,Arkansas,,2,21098863,5674217,15424646
2466,r024,United States<sup>b</sup> -> Arkansas -> Beef Council,United States<sup>b</sup>,Arkansas,Beef Council,3,40250,0,40250
2466,r025,United States<sup>b</sup> -> Arkansas -> Corn and Grain Sorghum Board,United States<sup>b</sup>,Arkansas,Corn and Grain Sorghum Board,3,965000,0,965000
2466,r026,United States<sup>b</sup> -> Arkansas -> Economic Development Commission,United States<sup>b</sup>,Arkansas,Economic Development Commission,3,7068797,4228644,2840153
2466,r027,United States<sup>b</sup> -> Arkansas -> Game and Fish Commission,United States<sup>b</sup>,Arkansas,Game and Fish Commission,3,802324,801224,1100
2466,r028,United States<sup>b</sup> -> Arkansas -> Rice Research and Promotion Board,United States<sup>b</sup>,Arkansas,Rice Research and Promotion Board,3,8623500,0,8623500
2466,r029,United States<sup>b</sup> -> Arkansas -> Soybean Promotion Board,United States<sup>b</sup>,Arkansas,Soybean Promotion Board,3,2625555,0,2625555
2466,r030,United States<sup>b</sup> -> Arkansas -> State Plant Board,United States<sup>b</sup>,Arkansas,State Plant Board,3,118000,0,118000
2466,r031,"United States<sup>b</sup> -> Arkansas -> Transportation, Department of",United States<sup>b</sup>,Arkansas,"Transportation, Department of",3,805437,644349,161088
2466,r032,United States<sup>b</sup> -> Arkansas -> Wheat Promotion Board,United States<sup>b</sup>,Arkansas,Wheat Promotion Board,3,50000,0,50000
2466,r033,United States<sup>b</sup> -> California,United States<sup>b</sup>,California,,2,526918585,28877496,498041089
2466,r034,United States<sup>b</sup> -> California -> Air Resources Board,United States<sup>b</sup>,California,Air Resources Board,3,15271608,0,15271608
2466,r035,United States<sup>b</sup> -> California -> Children and Families Commission,United States<sup>b</sup>,California,Children and Families Commission,3,1895000,0,1895000
2466,r036,"United States<sup>b</sup> -> California -> Conservation, Department of",United States<sup>b</sup>,California,"Conservation, Department of",3,184000,0,184000
2466,r037,"United States<sup>b</sup> -> California -> Corrections and Rehabilitation, Department of",United States<sup>b</sup>,California,"Corrections and Rehabilitation, Department of",3,2237305,0,2237305
2466,r038,United States<sup>b</sup> -> California -> Covered California,United States<sup>b</sup>,California,Covered California,3,3489452,0,3489452
2466,r039,United States<sup>b</sup> -> California -> Delta Stewardship Council,United States<sup>b</sup>,California,Delta Stewardship Council,3,6372069,0,6372069
2466,r040,United States<sup>b</sup> -> California -> Earthquake Authority,United States<sup>b</sup>,California,Earthquake Authority,3,1816792,0,1816792
2466,r041,United States<sup>b</sup> -> California -> Energy Commission,United States<sup>b</sup>,California,Energy Commission,3,165441000,0,165441000
2466,r042,"United States<sup>b</sup> -> California -> Environmental Health Hazard Assessment, Office of",United States<sup>b</sup>,California,"Environmental Health Hazard Assessment, Office of",3,17563188,0,17563188
2466,r043,"United States<sup>b</sup> -> California -> Food and Agriculture, Department of",United States<sup>b</sup>,California,"Food and Agriculture, Department of",3,4871361,162487,4708874
2466,r044,"United States<sup>b</sup> -> California -> Forestry and Fire Protection, Department of",United States<sup>b</sup>,California,"Forestry and Fire Protection, Department of",3,3665406,0,3665406
2466,r045,United States<sup>b</sup> -> California -> Horse Racing Board,United States<sup>b</sup>,California,Horse Racing Board,3,701000,0,701000
2466,r046,United States<sup>b</sup> -> California -> Housing and Community Development,United States<sup>b</sup>,California,Housing and Community Development,3,50000,0,50000
2466,r047,United States<sup>b</sup> -> California -> Institute for Regenerative Medicine,United States<sup>b</sup>,California,Institute for Regenerative Medicine,3,184982872,0,184982872
2466,r048,United States<sup>b</sup> -> California -> Mental Health Services Oversight and Accountability Commission,United States<sup>b</sup>,California,Mental Health Services Oversight and Accountability Commission,3,2500000,0,2500000
2466,r049,"United States<sup>b</sup> -> California -> Motor Vehicles, Department of",United States<sup>b</sup>,California,"Motor Vehicles, Department of",3,1331851,158341,1173510
2466,r050,"United States<sup>b</sup> -> California -> Parks and Recreation, Department of",United States<sup>b</sup>,California,"Parks and Recreation, Department of",3,1500000,0,1500000
2466,r051,"United States<sup>b</sup> -> California -> Pesticide Regulation, Department of ",United States<sup>b</sup>,California,"Pesticide Regulation, Department of ",3,12746628,96050,12650578
2466,r052,"United States<sup>b</sup> -> California -> Public Health, Department of",United States<sup>b</sup>,California,"Public Health, Department of",3,3313977,231000,3082977
2466,r053,"United States<sup>b</sup> -> California -> Public Utilities Commission, Executive Division",United States<sup>b</sup>,California,"Public Utilities Commission, Executive Division",3,37221559,0,37221559
2466,r054,"United States<sup>b</sup> -> California -> Rehabilitation, Department of ",United States<sup>b</sup>,California,"Rehabilitation, Department of ",3,10800000,10800000,0
2466,r055,"United States<sup>b</sup> -> California -> Social Services, Department of ",United States<sup>b</sup>,California,"Social Services, Department of ",3,151151,106879,44272
2466,r056,United States<sup>b</sup> -> California -> State Coastal Conservancy,United States<sup>b</sup>,California,State Coastal Conservancy,3,838000,230000,608000
2466,r057,United States<sup>b</sup> -> California -> State Water Resources Control Board,United States<sup>b</sup>,California,State Water Resources Control Board,3,8768254,357205,8411049
2466,r058,"United States<sup>b</sup> -> California -> Transportation, Department of",United States<sup>b</sup>,California,"Transportation, Department of",3,34906443,16714534,18191909
2466,r059,"United States<sup>b</sup> -> California -> Water Resources, Department of",United States<sup>b</sup>,California,"Water Resources, Department of",3,4299669,21000,4278669
2466,r060,United States<sup>b</sup> -> Colorado,United States<sup>b</sup>,Colorado,,2,36586577,7347294,29239283
2466,r061,"United States<sup>b</sup> -> Colorado -> Agriculture, Department of",United States<sup>b</sup>,Colorado,"Agriculture, Department of",3,1316868,1311615,5253
2466,r062,"United States<sup>b</sup> -> Colorado -> Economic Development and International Trade, Office of",United States<sup>b</sup>,Colorado,"Economic Development and International Trade, Office of",3,15192123,0,15192123
2466,r063,"United States<sup>b</sup> -> Colorado -> Higher Education Competitive, Research Authority",United States<sup>b</sup>,Colorado,"Higher Education Competitive, Research Authority",3,1700000,0,1700000
2466,r064,"United States<sup>b</sup> -> Colorado -> Higher Education, Department of ",United States<sup>b</sup>,Colorado,"Higher Education, Department of ",3,745000,195000,550000
2466,r065,"United States<sup>b</sup> -> Colorado -> Natural Resources, Department of",United States<sup>b</sup>,Colorado,"Natural Resources, Department of",3,7567568,3383119,4184449
2466,r066,"United States<sup>b</sup> -> Colorado -> Public Health and Environment, Department of",United States<sup>b</sup>,Colorado,"Public Health and Environment, Department of",3,5585075,319240,5265835
2466,r067,"United States<sup>b</sup> -> Colorado -> Public Safety, Department of",United States<sup>b</sup>,Colorado,"Public Safety, Department of",3,1077000,77000,1000000
2466,r068,"United States<sup>b</sup> -> Colorado -> Transportation, Department of",United States<sup>b</sup>,Colorado,"Transportation, Department of",3,3194911,2061320,1133591
2466,r069,United States<sup>b</sup> -> Colorado -> Wine Industry Development Board,United States<sup>b</sup>,Colorado,Wine Industry Development Board,3,208032,0,208032
2466,r070,United States<sup>b</sup> -> Connecticut,United States<sup>b</sup>,Connecticut,,2,57241037,15827200,41413837
2466,r071,United States<sup>b</sup> -> Connecticut -> Agricultural Experiment Station,United States<sup>b</sup>,Connecticut,Agricultural Experiment Station,3,12445226,5337429,7107797
2466,r072,"United States<sup>b</sup> -> Connecticut -> Children and Families, Department of",United States<sup>b</sup>,Connecticut,"Children and Families, Department of",3,81949,81395,554
2466,r073,"United States<sup>b</sup> -> Connecticut -> Education, Department of",United States<sup>b</sup>,Connecticut,"Education, Department of",3,452289,452289,0
2466,r074,"United States<sup>b</sup> -> Connecticut -> Energy and Environmental Protection, Department of",United States<sup>b</sup>,Connecticut,"Energy and Environmental Protection, Department of",3,6623689,4974749,1648940
2466,r075,United States<sup>b</sup> -> Connecticut -> Innovation Inc.,United States<sup>b</sup>,Connecticut,Innovation Inc.,3,26858089,0,26858089
2466,r076,"United States<sup>b</sup> -> Connecticut -> Mental Health and Addiction Services, Department of",United States<sup>b</sup>,Connecticut,"Mental Health and Addiction Services, Department of",3,5951993,671805,5280188
2466,r077,"United States<sup>b</sup> -> Connecticut -> Public Health, Department of",United States<sup>b</sup>,Connecticut,"Public Health, Department of",3,114974,3920,111054
2466,r078,"United States<sup>b</sup> -> Connecticut -> Social Services, Department of",United States<sup>b</sup>,Connecticut,"Social Services, Department of",3,1429408,1429408,0
2466,r079,"United States<sup>b</sup> -> Connecticut -> Transportation, Department of",United States<sup>b</sup>,Connecticut,"Transportation, Department of",3,3283420,2876205,407215
2466,r080,United States<sup>b</sup> -> Delaware,United States<sup>b</sup>,Delaware,,2,3826318,1572165,2254153
2466,r081,United States<sup>b</sup> -> Delaware -> Geological Survey,United States<sup>b</sup>,Delaware,Geological Survey,3,2441975,476779,1965196
2466,r082,"United States<sup>b</sup> -> Delaware -> Natural Resources and Environmental Control, Department of",United States<sup>b</sup>,Delaware,"Natural Resources and Environmental Control, Department of",3,259327,214778,44549
2466,r083,United States<sup>b</sup> -> Delaware -> Sustainable Energy Utility,United States<sup>b</sup>,Delaware,Sustainable Energy Utility,3,24256,0,24256
2466,r084,"United States<sup>b</sup> -> Delaware -> Transportation, Department of",United States<sup>b</sup>,Delaware,"Transportation, Department of",3,1100760,880608,220152
2466,r085,United States<sup>b</sup> -> District of Columbia,United States<sup>b</sup>,District of Columbia,,2,4222412,2025098,2197314
2466,r086,"United States<sup>b</sup> -> District of Columbia -> Health, Department of",United States<sup>b</sup>,District of Columbia,"Health, Department of",3,1800000,1716302,83698
2466,r087,"United States<sup>b</sup> -> District of Columbia -> Transportation, Department of",United States<sup>b</sup>,District of Columbia,"Transportation, Department of",3,422412,308796,113616
2466,r088,United States<sup>b</sup> -> District of Columbia -> Water and Sewer Authority,United States<sup>b</sup>,District of Columbia,Water and Sewer Authority,3,2000000,0,2000000
2466,r089,United States<sup>b</sup> -> Florida,United States<sup>b</sup>,Florida,,2,170508724,24512331,145996393
2466,r090,"United States<sup>b</sup> -> Florida -> Agriculture and Consumer Services, Department of",United States<sup>b</sup>,Florida,"Agriculture and Consumer Services, Department of",3,12822683,5092702,7729981
2466,r091,"United States<sup>b</sup> -> Florida -> Citrus, Department of",United States<sup>b</sup>,Florida,"Citrus, Department of",3,941902,0,941902
2466,r092,"United States<sup>b</sup> -> Florida -> Environmental Protection, Department of",United States<sup>b</sup>,Florida,"Environmental Protection, Department of",3,63430,0,63430
2466,r093,United States<sup>b</sup> -> Florida -> Fish and Wildlife Conservation Commission,United States<sup>b</sup>,Florida,Fish and Wildlife Conservation Commission,3,52150203,12053929,40096274
2466,r094,"United States<sup>b</sup> -> Florida -> Health, Department of",United States<sup>b</sup>,Florida,"Health, Department of",3,89163217,0,89163217
2466,r095,United States<sup>b</sup> -> Florida -> Space Florida,United States<sup>b</sup>,Florida,Space Florida,3,1497850,0,1497850
2466,r096,"United States<sup>b</sup> -> Florida -> Transportation, Department of",United States<sup>b</sup>,Florida,"Transportation, Department of",3,13869439,7365700,6503739
2466,r097,United States<sup>b</sup> -> Georgia,United States<sup>b</sup>,Georgia,,2,18875484,16171100,2704384
2466,r098,"United States<sup>b</sup> -> Georgia -> Natural Resources, Department of",United States<sup>b</sup>,Georgia,"Natural Resources, Department of",3,1956371,1338830,617541
2466,r099,United States<sup>b</sup> -> Georgia -> Seed Development Commission,United States<sup>b</sup>,Georgia,Seed Development Commission,3,633607,0,633607
2466,r100,United States<sup>b</sup> -> Georgia -> Southern States Energy Board,United States<sup>b</sup>,Georgia,Southern States Energy Board,3,10501076,9901639,599437
2466,r101,"United States<sup>b</sup> -> Georgia -> Transportation, Department of",United States<sup>b</sup>,Georgia,"Transportation, Department of",3,5784430,4930631,853799
2466,r102,United States<sup>b</sup> -> Hawaii,United States<sup>b</sup>,Hawaii,,2,7325591,3667466,3658125
2466,r103,"United States<sup>b</sup> -> Hawaii -> Agriculture, Department of",United States<sup>b</sup>,Hawaii,"Agriculture, Department of",3,680702,419734,260968
2466,r104,"United States<sup>b</sup> -> Hawaii -> Business, Economic Development, and Tourism, Department of",United States<sup>b</sup>,Hawaii,"Business, Economic Development, and Tourism, Department of",3,3947297,2510732,1436565
2466,r105,"United States<sup>b</sup> -> Hawaii -> Land and Natural Resources, Department of",United States<sup>b</sup>,Hawaii,"Land and Natural Resources, Department of",3,895592,90000,805592
2466,r106,United States<sup>b</sup> -> Hawaii -> Natural Energy Laboratory,United States<sup>b</sup>,Hawaii,Natural Energy Laboratory,3,1000000,0,1000000
2466,r107,"United States<sup>b</sup> -> Hawaii -> Transportation, Department of",United States<sup>b</sup>,Hawaii,"Transportation, Department of",3,802000,647000,155000
2466,r108,United States<sup>b</sup> -> Idaho,United States<sup>b</sup>,Idaho,,2,17828263,10596005,7232258
2466,r109,"United States<sup>b</sup> -> Idaho -> Agriculture, Department of",United States<sup>b</sup>,Idaho,"Agriculture, Department of",3,922104,922104,0
2466,r110,United States<sup>b</sup> -> Idaho -> Alfalfa and Clover Seed Commission,United States<sup>b</sup>,Idaho,Alfalfa and Clover Seed Commission,3,15000,0,15000
2466,r111,United States<sup>b</sup> -> Idaho -> Barley Commission,United States<sup>b</sup>,Idaho,Barley Commission,3,237498,0,237498
2466,r112,United States<sup>b</sup> -> Idaho -> Bean Commission,United States<sup>b</sup>,Idaho,Bean Commission,3,26400,0,26400
2466,r113,United States<sup>b</sup> -> Idaho -> Beef Council,United States<sup>b</sup>,Idaho,Beef Council,3,16500,0,16500
2466,r114,"United States<sup>b</sup> -> Idaho -> Commerce, Department of ",United States<sup>b</sup>,Idaho,"Commerce, Department of ",3,1016728,0,1016728
2466,r115,United States<sup>b</sup> -> Idaho -> Dairy West,United States<sup>b</sup>,Idaho,Dairy West,3,2000000,0,2000000
2466,r116,"United States<sup>b</sup> -> Idaho -> Environmental Quality, Department of",United States<sup>b</sup>,Idaho,"Environmental Quality, Department of",3,460000,0,460000
2466,r117,"United States<sup>b</sup> -> Idaho -> Fish and Game, Department of",United States<sup>b</sup>,Idaho,"Fish and Game, Department of",3,7904544,6607845,1296699
2466,r118,United States<sup>b</sup> -> Idaho -> Honey Commission,United States<sup>b</sup>,Idaho,Honey Commission,3,1635,0,1635
2466,r119,United States<sup>b</sup> -> Idaho -> Oilseed Commission,United States<sup>b</sup>,Idaho,Oilseed Commission,3,61565,0,61565
2466,r120,United States<sup>b</sup> -> Idaho -> Pea and Lentil Commission,United States<sup>b</sup>,Idaho,Pea and Lentil Commission,3,80836,0,80836
2466,r121,United States<sup>b</sup> -> Idaho -> Potato Commission,United States<sup>b</sup>,Idaho,Potato Commission,3,850000,0,850000
2466,r122,United States<sup>b</sup> -> Idaho -> Transportation Department,United States<sup>b</sup>,Idaho,Transportation Department,3,3339242,3066056,273186
2466,r123,United States<sup>b</sup> -> Idaho -> Wheat Commission,United States<sup>b</sup>,Idaho,Wheat Commission,3,896211,0,896211
2466,r124,United States<sup>b</sup> -> Illinois,United States<sup>b</sup>,Illinois,,2,17548556,6900290,10648266
2466,r125,"United States<sup>b</sup> -> Illinois -> Children and Family Services, Department of",United States<sup>b</sup>,Illinois,"Children and Family Services, Department of",3,3848765,0,3848765
2466,r126,"United States<sup>b</sup> -> Illinois -> Human Services, Department of",United States<sup>b</sup>,Illinois,"Human Services, Department of",3,236073,236073,0
2466,r127,United States<sup>b</sup> -> Illinois -> Nutrient Research and Education,United States<sup>b</sup>,Illinois,Nutrient Research and Education,3,3989560,0,3989560
2466,r128,"United States<sup>b</sup> -> Illinois -> Public Health, Department of",United States<sup>b</sup>,Illinois,"Public Health, Department of",3,15596,0,15596
2466,r129,"United States<sup>b</sup> -> Illinois -> Transportation, Department of",United States<sup>b</sup>,Illinois,"Transportation, Department of",3,9458562,6664217,2794345
2466,r130,United States<sup>b</sup> -> Indiana,United States<sup>b</sup>,Indiana,,2,12357151,6100000,6257151
2466,r131,United States<sup>b</sup> -> Indiana -> Economic Development Corporation,United States<sup>b</sup>,Indiana,Economic Development Corporation,3,3936062,0,3936062
2466,r132,"United States<sup>b</sup> -> Indiana -> Natural Resources, Department of",United States<sup>b</sup>,Indiana,"Natural Resources, Department of",3,100000,0,100000
2466,r133,"United States<sup>b</sup> -> Indiana -> Transportation, Department of",United States<sup>b</sup>,Indiana,"Transportation, Department of",3,8321089,6100000,2221089
2466,r134,United States<sup>b</sup> -> Iowa,United States<sup>b</sup>,Iowa,,2,9386675,5215707,4170968
2466,r135,"United States<sup>b</sup> -> Iowa -> Human Rights, Criminal and Juvenile Justice Planning, Division of",United States<sup>b</sup>,Iowa,"Human Rights, Criminal and Juvenile Justice Planning, Division of",3,433061,221211,211850
2466,r136,"United States<sup>b</sup> -> Iowa -> Natural Resources, Department of",United States<sup>b</sup>,Iowa,"Natural Resources, Department of",3,3797923,1950027,1847896
2466,r137,"United States<sup>b</sup> -> Iowa -> Transportation, Department of",United States<sup>b</sup>,Iowa,"Transportation, Department of",3,5155691,3044469,2111222
2466,r138,United States<sup>b</sup> -> Kansas,United States<sup>b</sup>,Kansas,,2,12355458,5465441,6890017
2466,r139,United States<sup>b</sup> -> Kansas -> Corn Commission,United States<sup>b</sup>,Kansas,Corn Commission,3,850050,0,850050
2466,r140,United States<sup>b</sup> -> Kansas -> Grain Sorghum Commission,United States<sup>b</sup>,Kansas,Grain Sorghum Commission,3,444660,0,444660
2466,r141,United States<sup>b</sup> -> Kansas -> Soybean Commission,United States<sup>b</sup>,Kansas,Soybean Commission,3,1463379,0,1463379
2466,r142,United States<sup>b</sup> -> Kansas -> State Board of Regents,United States<sup>b</sup>,Kansas,State Board of Regents,3,996465,0,996465
2466,r143,"United States<sup>b</sup> -> Kansas -> Transportation, Department of",United States<sup>b</sup>,Kansas,"Transportation, Department of",3,3714875,2451650,1263225
2466,r144,United States<sup>b</sup> -> Kansas -> Water Office,United States<sup>b</sup>,Kansas,Water Office,3,465725,69811,395914
2466,r145,United States<sup>b</sup> -> Kansas -> Wheat Commission,United States<sup>b</sup>,Kansas,Wheat Commission,3,1240806,0,1240806
2466,r146,"United States<sup>b</sup> -> Kansas -> Wildlife, Parks, and Tours",United States<sup>b</sup>,Kansas,"Wildlife, Parks, and Tours",3,3179498,2943980,235518
2466,r147,United States<sup>b</sup> -> Kentucky,United States<sup>b</sup>,Kentucky,,2,26668173,6577173,20091000
2466,r148,"United States<sup>b</sup> -> Kentucky -> Behavioral Health, Developmental and Intellectual Disabilities",United States<sup>b</sup>,Kentucky,"Behavioral Health, Developmental and Intellectual Disabilities",3,67500,0,67500
2466,r149,"United States<sup>b</sup> -> Kentucky -> Economic Development, Cabinet for",United States<sup>b</sup>,Kentucky,"Economic Development, Cabinet for",3,4040000,40000,4000000
2466,r150,"United States<sup>b</sup> -> Kentucky -> Environmental Protection, Department of",United States<sup>b</sup>,Kentucky,"Environmental Protection, Department of",3,100000,100000,0
2466,r151,"United States<sup>b</sup> -> Kentucky -> Fish and Wildlife Resources, Department of ",United States<sup>b</sup>,Kentucky,"Fish and Wildlife Resources, Department of ",3,2000000,1266547,733453
2466,r152,United States<sup>b</sup> -> Kentucky -> Horse Racing Commission,United States<sup>b</sup>,Kentucky,Horse Racing Commission,3,293414,0,293414
2466,r153,"United States<sup>b</sup> -> Kentucky -> Nature Preserves, Office of ",United States<sup>b</sup>,Kentucky,"Nature Preserves, Office of ",3,401000,66000,335000
2466,r154,"United States<sup>b</sup> -> Kentucky -> Postsecondary Education, Council on",United States<sup>b</sup>,Kentucky,"Postsecondary Education, Council on",3,10559315,0,10559315
2466,r155,"United States<sup>b</sup> -> Kentucky -> Public Health, Department for ",United States<sup>b</sup>,Kentucky,"Public Health, Department for ",3,1586642,0,1586642
2466,r156,United States<sup>b</sup> -> Kentucky -> Soybean Promotion Board,United States<sup>b</sup>,Kentucky,Soybean Promotion Board,3,600000,0,600000
2466,r157,United States<sup>b</sup> -> Kentucky -> Transportation Cabinet,United States<sup>b</sup>,Kentucky,Transportation Cabinet,3,7020302,5104626,1915676
2466,r158,United States<sup>b</sup> -> Louisiana,United States<sup>b</sup>,Louisiana,,2,35142225,21317872,13824353
2466,r159,"United States<sup>b</sup> -> Louisiana -> Agriculture and Forestry, Department of",United States<sup>b</sup>,Louisiana,"Agriculture and Forestry, Department of",3,26840,0,26840
2466,r160,United States<sup>b</sup> -> Louisiana -> Board of Regents,United States<sup>b</sup>,Louisiana,Board of Regents,3,15162504,7948222,7214282
2466,r161,United States<sup>b</sup> -> Louisiana -> Coastal Protection and Restoration Authority,United States<sup>b</sup>,Louisiana,Coastal Protection and Restoration Authority,3,3368965,629565,2739400
2466,r162,"United States<sup>b</sup> -> Louisiana -> Education, Department of",United States<sup>b</sup>,Louisiana,"Education, Department of",3,428589,217096,211493
2466,r163,"United States<sup>b</sup> -> Louisiana -> Transportation and Development, Department of ",United States<sup>b</sup>,Louisiana,"Transportation and Development, Department of ",3,10000000,8000000,2000000
2466,r164,"United States<sup>b</sup> -> Louisiana -> Wildlife and Fisheries, Department of",United States<sup>b</sup>,Louisiana,"Wildlife and Fisheries, Department of",3,6155327,4522989,1632338
2466,r165,United States<sup>b</sup> -> Maine,United States<sup>b</sup>,Maine,,2,32592625,3830784,28761841
2466,r166,"United States<sup>b</sup> -> Maine -> Agriculture, Conservation and Forestry, Department of ",United States<sup>b</sup>,Maine,"Agriculture, Conservation and Forestry, Department of ",3,650363,395230,255133
2466,r167,"United States<sup>b</sup> -> Maine -> Inland Fisheries and Wildlife, Department of",United States<sup>b</sup>,Maine,"Inland Fisheries and Wildlife, Department of",3,719045,553554,165491
2466,r168,"United States<sup>b</sup> -> Maine -> Marine Resources, Department of",United States<sup>b</sup>,Maine,"Marine Resources, Department of",3,2341500,1869000,472500
2466,r169,United States<sup>b</sup> -> Maine -> Technology Institute,United States<sup>b</sup>,Maine,Technology Institute,3,27745717,0,27745717
2466,r170,"United States<sup>b</sup> -> Maine -> Transportation, Department of ",United States<sup>b</sup>,Maine,"Transportation, Department of ",3,1136000,1013000,123000
2466,r171,United States<sup>b</sup> -> Maryland,United States<sup>b</sup>,Maryland,,2,29107768,2924655,26183113
2466,r172,"United States<sup>b</sup> -> Maryland -> Education, Department of",United States<sup>b</sup>,Maryland,"Education, Department of",3,638402,638402,0
2466,r173,United States<sup>b</sup> -> Maryland -> Energy Administration,United States<sup>b</sup>,Maryland,Energy Administration,3,1032429,0,1032429
2466,r174,"United States<sup>b</sup> -> Maryland -> Health and Mental Hygiene, Department of",United States<sup>b</sup>,Maryland,"Health and Mental Hygiene, Department of",3,13000000,0,13000000
2466,r175,"United States<sup>b</sup> -> Maryland -> Natural Resources, Department of",United States<sup>b</sup>,Maryland,"Natural Resources, Department of",3,1476425,534487,941938
2466,r176,United States<sup>b</sup> -> Maryland -> Technology Development Corporation,United States<sup>b</sup>,Maryland,Technology Development Corporation,3,10620513,0,10620513
2466,r177,"United States<sup>b</sup> -> Maryland -> Transportation, Department of",United States<sup>b</sup>,Maryland,"Transportation, Department of",3,2339999,1751766,588233
2466,r178,United States<sup>b</sup> -> Massachusetts,United States<sup>b</sup>,Massachusetts,,2,28425439,10952465,17472974
2466,r179,United States<sup>b</sup> -> Massachusetts -> Clean Energy Technology Center,United States<sup>b</sup>,Massachusetts,Clean Energy Technology Center,3,4999247,0,4999247
2466,r180,"United States<sup>b</sup> -> Massachusetts -> Environmental Protection, Department of ",United States<sup>b</sup>,Massachusetts,"Environmental Protection, Department of ",3,288925,25481,263444
2466,r181,"United States<sup>b</sup> -> Massachusetts -> Fish and Game, Department of ",United States<sup>b</sup>,Massachusetts,"Fish and Game, Department of ",3,8550000,5200000,3350000
2466,r182,United States<sup>b</sup> -> Massachusetts -> Gaming Commission,United States<sup>b</sup>,Massachusetts,Gaming Commission,3,2125000,0,2125000
2466,r183,United States<sup>b</sup> -> Massachusetts -> Life Sciences Center,United States<sup>b</sup>,Massachusetts,Life Sciences Center,3,1000000,0,1000000
2466,r184,United States<sup>b</sup> -> Massachusetts -> Massventures,United States<sup>b</sup>,Massachusetts,Massventures,3,3300000,0,3300000
2466,r185,"United States<sup>b</sup> -> Massachusetts -> Mental Health, Department of",United States<sup>b</sup>,Massachusetts,"Mental Health, Department of",3,1300000,0,1300000
2466,r186,"United States<sup>b</sup> -> Massachusetts -> Public Health, Department of ",United States<sup>b</sup>,Massachusetts,"Public Health, Department of ",3,2237267,1986984,250283
2466,r187,"United States<sup>b</sup> -> Massachusetts -> Transportation, Department of",United States<sup>b</sup>,Massachusetts,"Transportation, Department of",3,4425000,3740000,685000
2466,r188,United States<sup>b</sup> -> Massachusetts -> Water Resources Authority,United States<sup>b</sup>,Massachusetts,Water Resources Authority,3,200000,0,200000
2466,r189,United States<sup>b</sup> -> Michigan,United States<sup>b</sup>,Michigan,,2,8023318,4579680,3443638
2466,r190,"United States<sup>b</sup> -> Michigan -> Agriculture and Rural Development, Department of",United States<sup>b</sup>,Michigan,"Agriculture and Rural Development, Department of",3,1246732,281580,965152
2466,r191,"United States<sup>b</sup> -> Michigan -> Environmental, Great Lakes and Energy, Department of",United States<sup>b</sup>,Michigan,"Environmental, Great Lakes and Energy, Department of",3,639875,0,639875
2466,r192,United States<sup>b</sup> -> Michigan -> Health and Human Services,United States<sup>b</sup>,Michigan,Health and Human Services,3,88488,0,88488
2466,r193,"United States<sup>b</sup> -> Michigan -> Natural Resources, Department of",United States<sup>b</sup>,Michigan,"Natural Resources, Department of",3,916023,0,916023
2466,r194,"United States<sup>b</sup> -> Michigan -> Transportation, Department of",United States<sup>b</sup>,Michigan,"Transportation, Department of",3,5132200,4298100,834100
2466,r195,United States<sup>b</sup> -> Minnesota,United States<sup>b</sup>,Minnesota,,2,20150907,6020868,14130039
2466,r196,"United States<sup>b</sup> -> Minnesota -> Agriculture, Department of",United States<sup>b</sup>,Minnesota,"Agriculture, Department of",3,6177224,809882,5367342
2466,r197,United States<sup>b</sup> -> Minnesota -> Forest Resources Council,United States<sup>b</sup>,Minnesota,Forest Resources Council,3,140000,0,140000
2466,r198,"United States<sup>b</sup> -> Minnesota -> Natural Resources, Department of",United States<sup>b</sup>,Minnesota,"Natural Resources, Department of",3,1462164,1462164,0
2466,r199,United States<sup>b</sup> -> Minnesota -> Pollution Control Agency,United States<sup>b</sup>,Minnesota,Pollution Control Agency,3,100277,0,100277
2466,r200,"United States<sup>b</sup> -> Minnesota -> Transportation, Department of",United States<sup>b</sup>,Minnesota,"Transportation, Department of",3,12271242,3748822,8522420
2466,r201,United States<sup>b</sup> -> Mississippi,United States<sup>b</sup>,Mississippi,,2,12170278,8869165,3301113
2466,r202,"United States<sup>b</sup> -> Mississippi -> Agriculture and Commerce, Department of ",United States<sup>b</sup>,Mississippi,"Agriculture and Commerce, Department of ",3,97454,97454,0
2466,r203,"United States<sup>b</sup> -> Mississippi -> Environmental Quality, Department of",United States<sup>b</sup>,Mississippi,"Environmental Quality, Department of",3,1157390,1157390,0
2466,r204,United States<sup>b</sup> -> Mississippi -> Gulf States Marine Fisheries Commission,United States<sup>b</sup>,Mississippi,Gulf States Marine Fisheries Commission,3,661034,661034,0
2466,r205,"United States<sup>b</sup> -> Mississippi -> Marine Resources, Department of",United States<sup>b</sup>,Mississippi,"Marine Resources, Department of",3,2141085,261173,1879912
2466,r206,"United States<sup>b</sup> -> Mississippi -> Transportation, Department of",United States<sup>b</sup>,Mississippi,"Transportation, Department of",3,5991596,5185681,805915
2466,r207,"United States<sup>b</sup> -> Mississippi -> Wildlife, Fisheries, and Parks, Department of ",United States<sup>b</sup>,Mississippi,"Wildlife, Fisheries, and Parks, Department of ",3,2121719,1506433,615286
2466,r208,United States<sup>b</sup> -> Missouri,United States<sup>b</sup>,Missouri,,2,15055845,5102079,9953766
2466,r209,"United States<sup>b</sup> -> Missouri -> Agriculture, Department of",United States<sup>b</sup>,Missouri,"Agriculture, Department of",3,79966,79966,0
2466,r210,"United States<sup>b</sup> -> Missouri -> Conservation, Department of",United States<sup>b</sup>,Missouri,"Conservation, Department of",3,11163017,3230514,7932503
2466,r211,United States<sup>b</sup> -> Missouri -> Health and Senior Services,United States<sup>b</sup>,Missouri,Health and Senior Services,3,28760,12331,16429
2466,r212,"United States<sup>b</sup> -> Missouri -> Natural Resources, Department of",United States<sup>b</sup>,Missouri,"Natural Resources, Department of",3,792133,196797,595336
2466,r213,United States<sup>b</sup> -> Missouri -> Technology Corporation,United States<sup>b</sup>,Missouri,Technology Corporation,3,615000,440000,175000
2466,r214,"United States<sup>b</sup> -> Missouri -> Transportation, Department of",United States<sup>b</sup>,Missouri,"Transportation, Department of",3,1430194,1142471,287723
2466,r215,United States<sup>b</sup> -> Missouri -> Wine and Grape Board,United States<sup>b</sup>,Missouri,Wine and Grape Board,3,946775,0,946775
2466,r216,United States<sup>b</sup> -> Montana,United States<sup>b</sup>,Montana,,2,8794140,4577231,4216909
2466,r217,"United States<sup>b</sup> -> Montana -> Agriculture, Department of",United States<sup>b</sup>,Montana,"Agriculture, Department of",3,3132570,1020523,2112047
2466,r218,"United States<sup>b</sup> -> Montana -> Environmental Quality, Department of",United States<sup>b</sup>,Montana,"Environmental Quality, Department of",3,153592,118456,35136
2466,r219,"United States<sup>b</sup> -> Montana -> Fish, Wildlife and Parks",United States<sup>b</sup>,Montana,"Fish, Wildlife and Parks",3,3833321,2949098,884223
2466,r220,"United States<sup>b</sup> -> Montana -> Natural Resources and Conservation, Department of",United States<sup>b</sup>,Montana,"Natural Resources and Conservation, Department of",3,59620,0,59620
2466,r221,"United States<sup>b</sup> -> Montana -> Research and Commercialization, Board of",United States<sup>b</sup>,Montana,"Research and Commercialization, Board of",3,794510,0,794510
2466,r222,"United States<sup>b</sup> -> Montana -> Transportation, Department of",United States<sup>b</sup>,Montana,"Transportation, Department of",3,820527,489154,331373
2466,r223,United States<sup>b</sup> -> Nebraska,United States<sup>b</sup>,Nebraska,,2,28167688,4371507,23796181
2466,r224,"United States<sup>b</sup> -> Nebraska -> Agriculture, Department of",United States<sup>b</sup>,Nebraska,"Agriculture, Department of",3,1193067,746872,446195
2466,r225,United States<sup>b</sup> -> Nebraska -> Corn Board,United States<sup>b</sup>,Nebraska,Corn Board,3,1107026,0,1107026
2466,r226,United States<sup>b</sup> -> Nebraska -> Dry Bean Commission,United States<sup>b</sup>,Nebraska,Dry Bean Commission,3,192000,0,192000
2466,r227,"United States<sup>b</sup> -> Nebraska -> Economic Development, Department of",United States<sup>b</sup>,Nebraska,"Economic Development, Department of",3,1111752,0,1111752
2466,r228,United States<sup>b</sup> -> Nebraska -> Game and Parks Commission,United States<sup>b</sup>,Nebraska,Game and Parks Commission,3,2857952,2214775,643177
2466,r229,United States<sup>b</sup> -> Nebraska -> Grain Sorghum Board,United States<sup>b</sup>,Nebraska,Grain Sorghum Board,3,15000,0,15000
2466,r230,United States<sup>b</sup> -> Nebraska -> Health and Human Services,United States<sup>b</sup>,Nebraska,Health and Human Services,3,18562794,0,18562794
2466,r231,"United States<sup>b</sup> -> Nebraska -> Natural Resources, Department of",United States<sup>b</sup>,Nebraska,"Natural Resources, Department of",3,1346572,0,1346572
2466,r232,"United States<sup>b</sup> -> Nebraska -> Transportation, Department of",United States<sup>b</sup>,Nebraska,"Transportation, Department of",3,1453039,1409860,43179
2466,r233,United States<sup>b</sup> -> Nebraska -> Wheat Board,United States<sup>b</sup>,Nebraska,Wheat Board,3,328486,0,328486
2466,r234,United States<sup>b</sup> -> Nevada,United States<sup>b</sup>,Nevada,,2,7871899,2370078,5501821
2466,r235,"United States<sup>b</sup> -> Nevada -> Agriculture, Department of",United States<sup>b</sup>,Nevada,"Agriculture, Department of",3,184774,124774,60000
2466,r236,"United States<sup>b</sup> -> Nevada -> Economic Development, Governor's office of",United States<sup>b</sup>,Nevada,"Economic Development, Governor's office of",3,6584759,1334783,5249976
2466,r237,"United States<sup>b</sup> -> Nevada -> Transportation, Department of",United States<sup>b</sup>,Nevada,"Transportation, Department of",3,1102366,910521,191845
2466,r238,United States<sup>b</sup> -> New Hampshire,United States<sup>b</sup>,New Hampshire,,2,8432696,715823,7716873
2466,r239,"United States<sup>b</sup> -> New Hampshire -> Agriculture, Markets and Food, Department of",United States<sup>b</sup>,New Hampshire,"Agriculture, Markets and Food, Department of",3,154699,0,154699
2466,r240,United States<sup>b</sup> -> New Hampshire -> Business and Economic Affairs,United States<sup>b</sup>,New Hampshire,Business and Economic Affairs,3,7275000,0,7275000
2466,r241,"United States<sup>b</sup> -> New Hampshire -> Natural & Cultural Resources, Department of",United States<sup>b</sup>,New Hampshire,"Natural & Cultural Resources, Department of",3,61465,49465,12000
2466,r242,"United States<sup>b</sup> -> New Hampshire -> Transportation, Department of",United States<sup>b</sup>,New Hampshire,"Transportation, Department of",3,941532,666358,275174
2466,r243,United States<sup>b</sup> -> New Jersey,United States<sup>b</sup>,New Jersey,,2,23886758,2890436,20996322
2466,r244,"United States<sup>b</sup> -> New Jersey -> Community Affairs, Department of ",United States<sup>b</sup>,New Jersey,"Community Affairs, Department of ",3,310000,0,310000
2466,r245,"United States<sup>b</sup> -> New Jersey -> Corrections, Department of",United States<sup>b</sup>,New Jersey,"Corrections, Department of",3,301979,0,301979
2466,r246,"United States<sup>b</sup> -> New Jersey -> Environmental Protection, Department of",United States<sup>b</sup>,New Jersey,"Environmental Protection, Department of",3,2474000,425000,2049000
2466,r247,"United States<sup>b</sup> -> New Jersey -> Health, Department of",United States<sup>b</sup>,New Jersey,"Health, Department of",3,1936431,0,1936431
2466,r248,United States<sup>b</sup> -> New Jersey -> Pinelands Commission,United States<sup>b</sup>,New Jersey,Pinelands Commission,3,647254,437728,209526
2466,r249,"United States<sup>b</sup> -> New Jersey -> Research Initiatives, Office of",United States<sup>b</sup>,New Jersey,"Research Initiatives, Office of",3,13000000,0,13000000
2466,r250,"United States<sup>b</sup> -> New Jersey -> Secretary of Higher Education, Office of",United States<sup>b</sup>,New Jersey,"Secretary of Higher Education, Office of",3,2500000,0,2500000
2466,r251,"United States<sup>b</sup> -> New Jersey -> Transit, New Jersey",United States<sup>b</sup>,New Jersey,"Transit, New Jersey",3,103000,0,103000
2466,r252,"United States<sup>b</sup> -> New Jersey -> Transportation, Department of",United States<sup>b</sup>,New Jersey,"Transportation, Department of",3,2614094,2027708,586386
2466,r253,United States<sup>b</sup> -> New Mexico,United States<sup>b</sup>,New Mexico,,2,3585944,2415620,1170324
2466,r254,"United States<sup>b</sup> -> New Mexico -> Cultural Affairs, Department of",United States<sup>b</sup>,New Mexico,"Cultural Affairs, Department of",3,17000,0,17000
2466,r255,"United States<sup>b</sup> -> New Mexico -> Game and Fish, Department of",United States<sup>b</sup>,New Mexico,"Game and Fish, Department of",3,1000000,500000,500000
2466,r256,"United States<sup>b</sup> -> New Mexico -> Transportation, Department of",United States<sup>b</sup>,New Mexico,"Transportation, Department of",3,1659400,1327520,331880
2466,r257,United States<sup>b</sup> -> New Mexico -> Western State Air Resources Council,United States<sup>b</sup>,New Mexico,Western State Air Resources Council,3,909544,588100,321444
2466,r258,United States<sup>b</sup> -> New York,United States<sup>b</sup>,New York,,2,448501735,156961125,291540610
2466,r259,"United States<sup>b</sup> -> New York -> Agriculture and Markets, Department of ",United States<sup>b</sup>,New York,"Agriculture and Markets, Department of ",3,9864543,2734171,7130372
2466,r260,"United States<sup>b</sup> -> New York -> Economic Development, Department of",United States<sup>b</sup>,New York,"Economic Development, Department of",3,39780251,0,39780251
2466,r261,United States<sup>b</sup> -> New York -> Energy Research and Development Authority,United States<sup>b</sup>,New York,Energy Research and Development Authority,3,53546621,0,53546621
2466,r262,"United States<sup>b</sup> -> New York -> Environmental Conservation, Department of ",United States<sup>b</sup>,New York,"Environmental Conservation, Department of ",3,8942166,2025184,6916982
2466,r263,"United States<sup>b</sup> -> New York -> Health, Department of ",United States<sup>b</sup>,New York,"Health, Department of ",3,82781352,21146363,61634989
2466,r264,"United States<sup>b</sup> -> New York -> Mental Health, Office of ",United States<sup>b</sup>,New York,"Mental Health, Office of ",3,156275133,84359723,71915410
2466,r265,"United States<sup>b</sup> -> New York -> People with Developmental Disabilities, Office of",United States<sup>b</sup>,New York,"People with Developmental Disabilities, Office of",3,1849940,1087592,762348
2466,r266,United States<sup>b</sup> -> New York -> Power Authority,United States<sup>b</sup>,New York,Power Authority,3,8707710,0,8707710
2466,r267,United States<sup>b</sup> -> New York -> Roswell Park Cancer Institute,United States<sup>b</sup>,New York,Roswell Park Cancer Institute,3,71920211,41531303,30388908
2466,r268,United States<sup>b</sup> -> New York -> State Museum,United States<sup>b</sup>,New York,State Museum,3,10022519,188260,9834259
2466,r269,United States<sup>b</sup> -> New York -> Thoroughbred Breeding and Development Fund Corp.,United States<sup>b</sup>,New York,Thoroughbred Breeding and Development Fund Corp.,3,388449,0,388449
2466,r270,"United States<sup>b</sup> -> New York -> Transportation, Department of ",United States<sup>b</sup>,New York,"Transportation, Department of ",3,4422840,3888529,534311
2466,r271,United States<sup>b</sup> -> North Carolina,United States<sup>b</sup>,North Carolina,,2,32754090,8477781,24276309
2466,r272,"United States<sup>b</sup> -> North Carolina -> Agriculture and Consumer Services, Department of",United States<sup>b</sup>,North Carolina,"Agriculture and Consumer Services, Department of",3,15422911,0,15422911
2466,r273,"United States<sup>b</sup> -> North Carolina -> Environmental Quality, Department of",United States<sup>b</sup>,North Carolina,"Environmental Quality, Department of",3,3460387,801212,2659175
2466,r274,"United States<sup>b</sup> -> North Carolina -> Golden Leaf, The",United States<sup>b</sup>,North Carolina,"Golden Leaf, The",3,65000,0,65000
2466,r275,"United States<sup>b</sup> -> North Carolina -> Natural and Cultural Resources, Department of",United States<sup>b</sup>,North Carolina,"Natural and Cultural Resources, Department of",3,3473399,41949,3431450
2466,r276,"United States<sup>b</sup> -> North Carolina -> Science, Technology & Innovation, Board of",United States<sup>b</sup>,North Carolina,"Science, Technology & Innovation, Board of",3,1201990,0,1201990
2466,r277,"United States<sup>b</sup> -> North Carolina -> Transportation, Department of",United States<sup>b</sup>,North Carolina,"Transportation, Department of",3,9010403,7634620,1375783
2466,r278,United States<sup>b</sup> -> North Carolina -> Wine and Grape Growers Council,United States<sup>b</sup>,North Carolina,Wine and Grape Growers Council,3,120000,0,120000
2466,r279,United States<sup>b</sup> -> North Dakota,United States<sup>b</sup>,North Dakota,,2,12140358,2299808,9840550
2466,r280,"United States<sup>b</sup> -> North Dakota -> Agriculture, Department of",United States<sup>b</sup>,North Dakota,"Agriculture, Department of",3,299153,0,299153
2466,r281,United States<sup>b</sup> -> North Dakota -> Dairy Promotion Commission,United States<sup>b</sup>,North Dakota,Dairy Promotion Commission,3,155170,0,155170
2466,r282,United States<sup>b</sup> -> North Dakota -> Dry Pea and Lentil Commission,United States<sup>b</sup>,North Dakota,Dry Pea and Lentil Commission,3,135023,0,135023
2466,r283,"United States<sup>b</sup> -> North Dakota -> Game and Fish, Department of",United States<sup>b</sup>,North Dakota,"Game and Fish, Department of",3,1375151,1062194,312957
2466,r284,United States<sup>b</sup> -> North Dakota -> Industrial Commission,United States<sup>b</sup>,North Dakota,Industrial Commission,3,6226265,0,6226265
2466,r285,United States<sup>b</sup> -> North Dakota -> Soybean Council,United States<sup>b</sup>,North Dakota,Soybean Council,3,1573679,0,1573679
2466,r286,"United States<sup>b</sup> -> North Dakota -> Transportation, Department of",United States<sup>b</sup>,North Dakota,"Transportation, Department of",3,1279171,1237614,41557
2466,r287,United States<sup>b</sup> -> North Dakota -> Wheat Commission,United States<sup>b</sup>,North Dakota,Wheat Commission,3,1096746,0,1096746
2466,r288,United States<sup>b</sup> -> Ohio,United States<sup>b</sup>,Ohio,,2,97758379,8126122,89632257
2466,r289,United States<sup>b</sup> -> Ohio -> Development Services Agency,United States<sup>b</sup>,Ohio,Development Services Agency,3,85774800,0,85774800
2466,r290,"United States<sup>b</sup> -> Ohio -> Education, Department of",United States<sup>b</sup>,Ohio,"Education, Department of",3,615000,615000,0
2466,r291,United States<sup>b</sup> -> Ohio -> Environmental Protection Agency,United States<sup>b</sup>,Ohio,Environmental Protection Agency,3,20174,0,20174
2466,r292,"United States<sup>b</sup> -> Ohio -> Natural Resources, Department of",United States<sup>b</sup>,Ohio,"Natural Resources, Department of",3,2940286,1941683,998603
2466,r293,"United States<sup>b</sup> -> Ohio -> Transportation, Department of",United States<sup>b</sup>,Ohio,"Transportation, Department of",3,6886442,5569439,1317003
2466,r294,United States<sup>b</sup> -> Ohio -> Water Development Authority,United States<sup>b</sup>,Ohio,Water Development Authority,3,1521677,0,1521677
2466,r295,United States<sup>b</sup> -> Oklahoma,United States<sup>b</sup>,Oklahoma,,2,29607888,10192859,19415029
2466,r296,"United States<sup>b</sup> -> Oklahoma -> Advancement of Science and Technology, Center for the ",United States<sup>b</sup>,Oklahoma,"Advancement of Science and Technology, Center for the ",3,5753552,68517,5685035
2466,r297,"United States<sup>b</sup> -> Oklahoma -> Agriculture, Food, and Forestry, Department of",United States<sup>b</sup>,Oklahoma,"Agriculture, Food, and Forestry, Department of",3,634804,634804,0
2466,r298,"United States<sup>b</sup> -> Oklahoma -> Environmental Quality, Department of",United States<sup>b</sup>,Oklahoma,"Environmental Quality, Department of",3,80399,0,80399
2466,r299,"United States<sup>b</sup> -> Oklahoma -> Health, Department of",United States<sup>b</sup>,Oklahoma,"Health, Department of",3,608140,594140,14000
2466,r300,"United States<sup>b</sup> -> Oklahoma -> Human Services, Department of",United States<sup>b</sup>,Oklahoma,"Human Services, Department of",3,134244,100683,33561
2466,r301,United States<sup>b</sup> -> Oklahoma -> Tobacco Settlement Endowment Trust,United States<sup>b</sup>,Oklahoma,Tobacco Settlement Endowment Trust,3,12300000,0,12300000
2466,r302,"United States<sup>b</sup> -> Oklahoma -> Transportation, Department of",United States<sup>b</sup>,Oklahoma,"Transportation, Department of",3,6511466,6105753,405713
2466,r303,"United States<sup>b</sup> -> Oklahoma -> Wildlife Conservation, Department of",United States<sup>b</sup>,Oklahoma,"Wildlife Conservation, Department of",3,3585283,2688962,896321
2466,r304,United States<sup>b</sup> -> Oregon,United States<sup>b</sup>,Oregon,,2,44222659,17340000,26882659
2466,r305,"United States<sup>b</sup> -> Oregon -> Agriculture, Department of",United States<sup>b</sup>,Oregon,"Agriculture, Department of",3,388762,0,388762
2466,r306,United States<sup>b</sup> -> Oregon -> Business Oregon,United States<sup>b</sup>,Oregon,Business Oregon,3,14800000,1850000,12950000
2466,r307,"United States<sup>b</sup> -> Oregon -> Education, Department of",United States<sup>b</sup>,Oregon,"Education, Department of",3,657595,154853,502742
2466,r308,"United States<sup>b</sup> -> Oregon -> Environmental Quality, Department of",United States<sup>b</sup>,Oregon,"Environmental Quality, Department of",3,458000,458000,0
2466,r309,"United States<sup>b</sup> -> Oregon -> Fish and Wildlife, Department of",United States<sup>b</sup>,Oregon,"Fish and Wildlife, Department of",3,14235414,9519129,4716285
2466,r310,"United States<sup>b</sup> -> Oregon -> Forestry, Department of",United States<sup>b</sup>,Oregon,"Forestry, Department of",3,522777,45014,477763
2466,r311,"United States<sup>b</sup> -> Oregon -> Geology and Mineral Industries, Department of",United States<sup>b</sup>,Oregon,"Geology and Mineral Industries, Department of",3,814431,754133,60298
2466,r312,"United States<sup>b</sup> -> Oregon -> Human Services, Department of",United States<sup>b</sup>,Oregon,"Human Services, Department of",3,5535728,2274733,3260995
2466,r313,"United States<sup>b</sup> -> Oregon -> Transportation, Department of",United States<sup>b</sup>,Oregon,"Transportation, Department of",3,5090034,2278749,2811285
2466,r314,United States<sup>b</sup> -> Oregon -> Water Resources Department,United States<sup>b</sup>,Oregon,Water Resources Department,3,810484,0,810484
2466,r315,United States<sup>b</sup> -> Oregon -> Watershed Enhancement Board,United States<sup>b</sup>,Oregon,Watershed Enhancement Board,3,909434,5389,904045
2466,r316,United States<sup>b</sup> -> Pennsylvania,United States<sup>b</sup>,Pennsylvania,,2,85050999,9903377,75147622
2466,r317,"United States<sup>b</sup> -> Pennsylvania -> Agriculture, Department of",United States<sup>b</sup>,Pennsylvania,"Agriculture, Department of",3,2187000,0,2187000
2466,r318,"United States<sup>b</sup> -> Pennsylvania -> Community and Economic Development, Department of",United States<sup>b</sup>,Pennsylvania,"Community and Economic Development, Department of",3,21600000,0,21600000
2466,r319,"United States<sup>b</sup> -> Pennsylvania -> Conservation and Natural Resources, Department of",United States<sup>b</sup>,Pennsylvania,"Conservation and Natural Resources, Department of",3,42124,0,42124
2466,r320,"United States<sup>b</sup> -> Pennsylvania -> Environmental Protection, Department of",United States<sup>b</sup>,Pennsylvania,"Environmental Protection, Department of",3,1445473,229012,1216461
2466,r321,United States<sup>b</sup> -> Pennsylvania -> Fish and Boat Commission,United States<sup>b</sup>,Pennsylvania,Fish and Boat Commission,3,131845,41137,90708
2466,r322,United States<sup>b</sup> -> Pennsylvania -> Game Commission,United States<sup>b</sup>,Pennsylvania,Game Commission,3,9287658,6044750,3242908
2466,r323,"United States<sup>b</sup> -> Pennsylvania -> Health, Department of",United States<sup>b</sup>,Pennsylvania,"Health, Department of",3,46293000,0,46293000
2466,r324,United States<sup>b</sup> -> Pennsylvania -> Susquehanna River Basin Commission,United States<sup>b</sup>,Pennsylvania,Susquehanna River Basin Commission,3,150000,45000,105000
2466,r325,"United States<sup>b</sup> -> Pennsylvania -> Transportation, Department of",United States<sup>b</sup>,Pennsylvania,"Transportation, Department of",3,3913899,3543478,370421
2466,r326,United States<sup>b</sup> -> Rhode Island,United States<sup>b</sup>,Rhode Island,,2,5512380,2473315,3039065
2466,r327,United States<sup>b</sup> -> Rhode Island -> Commerce Corporation,United States<sup>b</sup>,Rhode Island,Commerce Corporation,3,1203652,0,1203652
2466,r328,"United States<sup>b</sup> -> Rhode Island -> Environmental Management, Department of",United States<sup>b</sup>,Rhode Island,"Environmental Management, Department of",3,3028728,1893315,1135413
2466,r329,"United States<sup>b</sup> -> Rhode Island -> Transportation, Department of",United States<sup>b</sup>,Rhode Island,"Transportation, Department of",3,1225000,580000,645000
2466,r330,United States<sup>b</sup> -> Rhode Island -> Water Resources Board,United States<sup>b</sup>,Rhode Island,Water Resources Board,3,55000,0,55000
2466,r331,United States<sup>b</sup> -> South Carolina,United States<sup>b</sup>,South Carolina,,2,46983243,23400794,23582449
2466,r332,"United States<sup>b</sup> -> South Carolina -> Agriculture, Department of",United States<sup>b</sup>,South Carolina,"Agriculture, Department of",3,1035394,94446,940948
2466,r333,"United States<sup>b</sup> -> South Carolina -> Disabilities and Special Needs, Department of",United States<sup>b</sup>,South Carolina,"Disabilities and Special Needs, Department of",3,12226376,0,12226376
2466,r334,"United States<sup>b</sup> -> South Carolina -> Health and Environmental Control, Department of",United States<sup>b</sup>,South Carolina,"Health and Environmental Control, Department of",3,1585652,1585652,0
2466,r335,"United States<sup>b</sup> -> South Carolina -> Mental Health, Department of",United States<sup>b</sup>,South Carolina,"Mental Health, Department of",3,100884,0,100884
2466,r336,"United States<sup>b</sup> -> South Carolina -> Natural Resources, Department of",United States<sup>b</sup>,South Carolina,"Natural Resources, Department of",3,26062760,18357022,7705738
2466,r337,United States<sup>b</sup> -> South Carolina -> Public Service Authority,United States<sup>b</sup>,South Carolina,Public Service Authority,3,30000,0,30000
2466,r338,United States<sup>b</sup> -> South Carolina -> Research Authority,United States<sup>b</sup>,South Carolina,Research Authority,3,1401205,0,1401205
2466,r339,United States<sup>b</sup> -> South Carolina -> Sea Grant Consortium,United States<sup>b</sup>,South Carolina,Sea Grant Consortium,3,2381593,1675576,706017
2466,r340,"United States<sup>b</sup> -> South Carolina -> Transportation, Department of",United States<sup>b</sup>,South Carolina,"Transportation, Department of",3,2159379,1688098,471281
2466,r341,United States<sup>b</sup> -> South Dakota,United States<sup>b</sup>,South Dakota,,2,2953214,754880,2198334
2466,r342,United States<sup>b</sup> -> South Dakota -> Corn Utilization Council,United States<sup>b</sup>,South Dakota,Corn Utilization Council,3,250000,0,250000
2466,r343,United States<sup>b</sup> -> South Dakota -> Oilseeds Council,United States<sup>b</sup>,South Dakota,Oilseeds Council,3,216845,0,216845
2466,r344,United States<sup>b</sup> -> South Dakota -> Pulse Crop Council,United States<sup>b</sup>,South Dakota,Pulse Crop Council,3,13352,0,13352
2466,r345,United States<sup>b</sup> -> South Dakota -> Science and Technology Authority,United States<sup>b</sup>,South Dakota,Science and Technology Authority,3,39853,39853,0
2466,r346,United States<sup>b</sup> -> South Dakota -> Soybean Research and Promotion Council,United States<sup>b</sup>,South Dakota,Soybean Research and Promotion Council,3,718122,0,718122
2466,r347,"United States<sup>b</sup> -> South Dakota -> Transportation, Department of",United States<sup>b</sup>,South Dakota,"Transportation, Department of",3,1222798,715027,507771
2466,r348,United States<sup>b</sup> -> South Dakota -> Weed and Pest Control Commission,United States<sup>b</sup>,South Dakota,Weed and Pest Control Commission,3,45314,0,45314
2466,r349,United States<sup>b</sup> -> South Dakota -> Wheat Commission,United States<sup>b</sup>,South Dakota,Wheat Commission,3,446930,0,446930
2466,r350,United States<sup>b</sup> -> Tennessee,United States<sup>b</sup>,Tennessee,,2,7439395,5112715,2326680
2466,r351,"United States<sup>b</sup> -> Tennessee -> Education, Department of",United States<sup>b</sup>,Tennessee,"Education, Department of",3,3319120,2037207,1281913
2466,r352,"United States<sup>b</sup> -> Tennessee -> Environment and Conservation, Department of",United States<sup>b</sup>,Tennessee,"Environment and Conservation, Department of",3,843184,497404,345780
2466,r353,United States<sup>b</sup> -> Tennessee -> Geological Survey,United States<sup>b</sup>,Tennessee,Geological Survey,3,169427,91973,77454
2466,r354,"United States<sup>b</sup> -> Tennessee -> Transportation, Department of",United States<sup>b</sup>,Tennessee,"Transportation, Department of",3,3107664,2486131,621533
2466,r355,United States<sup>b</sup> -> Texas,United States<sup>b</sup>,Texas,,2,233030466,21003405,212027061
2466,r356,"United States<sup>b</sup> -> Texas -> Agriculture, Department of",United States<sup>b</sup>,Texas,"Agriculture, Department of",3,1229300,1229300,0
2466,r357,United States<sup>b</sup> -> Texas -> Alzheimer's Research and Care Consortium (TARCC),United States<sup>b</sup>,Texas,Alzheimer's Research and Care Consortium (TARCC),3,3204342,0,3204342
2466,r358,United States<sup>b</sup> -> Texas -> Cancer Prevention and Research Institute,United States<sup>b</sup>,Texas,Cancer Prevention and Research Institute,3,201159271,0,201159271
2466,r359,"United States<sup>b</sup> -> Texas -> Environmental Quality, Commission on",United States<sup>b</sup>,Texas,"Environmental Quality, Commission on",3,1687165,841005,846160
2466,r360,United States<sup>b</sup> -> Texas -> Parks and Wildlife Department,United States<sup>b</sup>,Texas,Parks and Wildlife Department,3,7378821,5076385,2302436
2466,r361,"United States<sup>b</sup> -> Texas -> State Health Services, Department of ",United States<sup>b</sup>,Texas,"State Health Services, Department of ",3,345000,270000,75000
2466,r362,"United States<sup>b</sup> -> Texas -> Transportation, Department of",United States<sup>b</sup>,Texas,"Transportation, Department of",3,17294677,13586715,3707962
2466,r363,United States<sup>b</sup> -> Texas -> Water Development Board,United States<sup>b</sup>,Texas,Water Development Board,3,731890,0,731890
2466,r364,United States<sup>b</sup> -> Utah,United States<sup>b</sup>,Utah,,2,7985508,2294696,5690812
2466,r365,"United States<sup>b</sup> -> Utah -> Environmental Quality, Department of",United States<sup>b</sup>,Utah,"Environmental Quality, Department of",3,416398,0,416398
2466,r366,"United States<sup>b</sup> -> Utah -> Health, Department of",United States<sup>b</sup>,Utah,"Health, Department of",3,12780,0,12780
2466,r367,"United States<sup>b</sup> -> Utah -> Natural Resources, Department of",United States<sup>b</sup>,Utah,"Natural Resources, Department of",3,4121261,0,4121261
2466,r368,"United States<sup>b</sup> -> Utah -> Transportation, Department of ",United States<sup>b</sup>,Utah,"Transportation, Department of ",3,3435069,2294696,1140373
2466,r369,United States<sup>b</sup> -> Vermont,United States<sup>b</sup>,Vermont,,2,2730591,2225472,505119
2466,r370,"United States<sup>b</sup> -> Vermont -> Agriculture, Food, and Markets, Agency of",United States<sup>b</sup>,Vermont,"Agriculture, Food, and Markets, Agency of",3,308227,0,308227
2466,r371,"United States<sup>b</sup> -> Vermont -> Human Services, Agency of",United States<sup>b</sup>,Vermont,"Human Services, Agency of",3,210747,210747,0
2466,r372,"United States<sup>b</sup> -> Vermont -> Transportation, Agency of",United States<sup>b</sup>,Vermont,"Transportation, Agency of",3,2211617,2014725,196892
2466,r373,United States<sup>b</sup> -> Virginia,United States<sup>b</sup>,Virginia,,2,29951353,12948118,17003235
2466,r374,"United States<sup>b</sup> -> Virginia -> Aging and Rehabilitation, Department of",United States<sup>b</sup>,Virginia,"Aging and Rehabilitation, Department of",3,134914,134914,0
2466,r375,"United States<sup>b</sup> -> Virginia -> Agriculture and Consumer Services, Department of",United States<sup>b</sup>,Virginia,"Agriculture and Consumer Services, Department of",3,2615452,418207,2197245
2466,r376,United States<sup>b</sup> -> Virginia -> Commonwealth Health Research Board,United States<sup>b</sup>,Virginia,Commonwealth Health Research Board,3,1080163,0,1080163
2466,r377,"United States<sup>b</sup> -> Virginia -> Environmental Quality, Department of",United States<sup>b</sup>,Virginia,"Environmental Quality, Department of",3,287560,287560,0
2466,r378,"United States<sup>b</sup> -> Virginia -> Forensic Science, Department of",United States<sup>b</sup>,Virginia,"Forensic Science, Department of",3,854800,145600,709200
2466,r379,"United States<sup>b</sup> -> Virginia -> Forestry, Department of",United States<sup>b</sup>,Virginia,"Forestry, Department of",3,467501,347637,119864
2466,r380,United States<sup>b</sup> -> Virginia -> Foundation for Healthy Youth,United States<sup>b</sup>,Virginia,Foundation for Healthy Youth,3,858392,0,858392
2466,r381,"United States<sup>b</sup> -> Virginia -> Game and Inland Fisheries, Department of",United States<sup>b</sup>,Virginia,"Game and Inland Fisheries, Department of",3,2296869,1478135,818734
2466,r382,"United States<sup>b</sup> -> Virginia -> Innovative Technology, Center for",United States<sup>b</sup>,Virginia,"Innovative Technology, Center for",3,4416750,1714882,2701868
2466,r383,United States<sup>b</sup> -> Virginia -> Marine Resources Commission,United States<sup>b</sup>,Virginia,Marine Resources Commission,3,2471043,1986691,484352
2466,r384,"United States<sup>b</sup> -> Virginia -> Mines, Minerals and Energy, Department of",United States<sup>b</sup>,Virginia,"Mines, Minerals and Energy, Department of",3,655308,437128,218180
2466,r385,"United States<sup>b</sup> -> Virginia -> Natural History, Museum of",United States<sup>b</sup>,Virginia,"Natural History, Museum of",3,872668,82907,789761
2466,r386,"United States<sup>b</sup> -> Virginia -> Social Services, Department of",United States<sup>b</sup>,Virginia,"Social Services, Department of",3,150000,75000,75000
2466,r387,"United States<sup>b</sup> -> Virginia -> Transportation, Department of",United States<sup>b</sup>,Virginia,"Transportation, Department of",3,12789933,5839457,6950476
2466,r388,United States<sup>b</sup> -> Washington,United States<sup>b</sup>,Washington,,2,51963060,14915365,37047695
2466,r389,"United States<sup>b</sup> -> Washington -> Agriculture, Department of",United States<sup>b</sup>,Washington,"Agriculture, Department of",3,2767808,2369403,398405
2466,r390,United States<sup>b</sup> -> Washington -> Alfalfa Seed Commission,United States<sup>b</sup>,Washington,Alfalfa Seed Commission,3,34000,0,34000
2466,r391,United States<sup>b</sup> -> Washington -> Asparagus Commission,United States<sup>b</sup>,Washington,Asparagus Commission,3,74166,0,74166
2466,r392,United States<sup>b</sup> -> Washington -> Blueberry Commission,United States<sup>b</sup>,Washington,Blueberry Commission,3,252000,0,252000
2466,r393,"United States<sup>b</sup> -> Washington -> Commerce, Department of",United States<sup>b</sup>,Washington,"Commerce, Department of",3,5826443,0,5826443
2466,r394,United States<sup>b</sup> -> Washington -> Cranberry Commission,United States<sup>b</sup>,Washington,Cranberry Commission,3,6000,0,6000
2466,r395,United States<sup>b</sup> -> Washington -> Dairy Products Commission,United States<sup>b</sup>,Washington,Dairy Products Commission,3,15000,0,15000
2466,r396,"United States<sup>b</sup> -> Washington -> Ecology, Department of",United States<sup>b</sup>,Washington,"Ecology, Department of",3,882120,229839,652281
2466,r397,"United States<sup>b</sup> -> Washington -> Fish and Wildlife, Department of",United States<sup>b</sup>,Washington,"Fish and Wildlife, Department of",3,8390579,4991513,3399066
2466,r398,United States<sup>b</sup> -> Washington -> Fruit Commission,United States<sup>b</sup>,Washington,Fruit Commission,3,306223,0,306223
2466,r399,United States<sup>b</sup> -> Washington -> Grain Commission,United States<sup>b</sup>,Washington,Grain Commission,3,2224046,0,2224046
2466,r400,"United States<sup>b</sup> -> Washington -> Health, Department of",United States<sup>b</sup>,Washington,"Health, Department of",3,1108855,871903,236952
2466,r401,United States<sup>b</sup> -> Washington -> Hop Commission,United States<sup>b</sup>,Washington,Hop Commission,3,168357,15338,153019
2466,r402,"United States<sup>b</sup> -> Washington -> Labor and Industries, Department of",United States<sup>b</sup>,Washington,"Labor and Industries, Department of",3,3344321,639409,2704912
2466,r403,United States<sup>b</sup> -> Washington -> Mint Commission,United States<sup>b</sup>,Washington,Mint Commission,3,50382,0,50382
2466,r404,"United States<sup>b</sup> -> Washington -> Natural Resources, Department of",United States<sup>b</sup>,Washington,"Natural Resources, Department of",3,8307815,1932609,6375206
2466,r405,United States<sup>b</sup> -> Washington -> Oilseeds Commission,United States<sup>b</sup>,Washington,Oilseeds Commission,3,10000,0,10000
2466,r406,"United States<sup>b</sup> -> Washington -> Pesticide Registration, Commission on",United States<sup>b</sup>,Washington,"Pesticide Registration, Commission on",3,455000,0,455000
2466,r407,United States<sup>b</sup> -> Washington -> Potato Commission,United States<sup>b</sup>,Washington,Potato Commission,3,953022,0,953022
2466,r408,United States<sup>b</sup> -> Washington -> Puget Sound Partnership,United States<sup>b</sup>,Washington,Puget Sound Partnership,3,630045,92685,537360
2466,r409,United States<sup>b</sup> -> Washington -> Pulse Crop Commission,United States<sup>b</sup>,Washington,Pulse Crop Commission,3,187098,0,187098
2466,r410,United States<sup>b</sup> -> Washington -> Red Raspberry Commission,United States<sup>b</sup>,Washington,Red Raspberry Commission,3,349396,115632,233764
2466,r411,United States<sup>b</sup> -> Washington -> Seed Potato Commission,United States<sup>b</sup>,Washington,Seed Potato Commission,3,16003,0,16003
2466,r412,"United States<sup>b</sup> -> Washington -> Transportation, Department of",United States<sup>b</sup>,Washington,"Transportation, Department of",3,5596000,3613000,1983000
2466,r413,United States<sup>b</sup> -> Washington -> Tree Fruit Research Commission,United States<sup>b</sup>,Washington,Tree Fruit Research Commission,3,9668382,44034,9624348
2466,r414,United States<sup>b</sup> -> Washington -> Turfgrass Seed Commission,United States<sup>b</sup>,Washington,Turfgrass Seed Commission,3,100815,0,100815
2466,r415,United States<sup>b</sup> -> Washington -> Wine Commission,United States<sup>b</sup>,Washington,Wine Commission,3,239184,0,239184
2466,r416,United States<sup>b</sup> -> West Virginia,United States<sup>b</sup>,West Virginia,,2,11068061,7579295,3488766
2466,r417,United States<sup>b</sup> -> West Virginia -> Geological and Economic Survey,United States<sup>b</sup>,West Virginia,Geological and Economic Survey,3,1713935,227364,1486571
2466,r418,United States<sup>b</sup> -> West Virginia -> Higher Education Policy Commission,United States<sup>b</sup>,West Virginia,Higher Education Policy Commission,3,5571715,4059270,1512445
2466,r419,"United States<sup>b</sup> -> West Virginia -> Justice and Community Services, Division of",United States<sup>b</sup>,West Virginia,"Justice and Community Services, Division of",3,8000,0,8000
2466,r420,"United States<sup>b</sup> -> West Virginia -> Natural Resources, Department of",United States<sup>b</sup>,West Virginia,"Natural Resources, Department of",3,1649700,1204200,445500
2466,r421,"United States<sup>b</sup> -> West Virginia -> Transportation, Department of",United States<sup>b</sup>,West Virginia,"Transportation, Department of",3,2124711,2088461,36250
2466,r422,United States<sup>b</sup> -> Wisconsin,United States<sup>b</sup>,Wisconsin,,2,17473890,9448498,8025392
2466,r423,"United States<sup>b</sup> -> Wisconsin -> Agriculture, Trade and Consumer Protection, Department of",United States<sup>b</sup>,Wisconsin,"Agriculture, Trade and Consumer Protection, Department of",3,2768097,2768097,0
2466,r424,United States<sup>b</sup> -> Wisconsin -> Economic Development Corporation,United States<sup>b</sup>,Wisconsin,Economic Development Corporation,3,4750000,0,4750000
2466,r425,"United States<sup>b</sup> -> Wisconsin -> Natural Resources, Department of",United States<sup>b</sup>,Wisconsin,"Natural Resources, Department of",3,6201148,3261709,2939439
2466,r426,"United States<sup>b</sup> -> Wisconsin -> Transportation, Department of",United States<sup>b</sup>,Wisconsin,"Transportation, Department of",3,3754645,3418692,335953
2466,r427,United States<sup>b</sup> -> Wyoming,United States<sup>b</sup>,Wyoming,,2,6002910,2290192,3712718
2466,r428,"United States<sup>b</sup> -> Wyoming -> Agriculture, Department of",United States<sup>b</sup>,Wyoming,"Agriculture, Department of",3,380882,239023,141859
2466,r429,United States<sup>b</sup> -> Wyoming -> Business Council,United States<sup>b</sup>,Wyoming,Business Council,3,2466307,0,2466307
2466,r430,United States<sup>b</sup> -> Wyoming -> Enterprise Technology Services ,United States<sup>b</sup>,Wyoming,Enterprise Technology Services ,3,41420,0,41420
2466,r431,United States<sup>b</sup> -> Wyoming -> Game and Fish Department,United States<sup>b</sup>,Wyoming,Game and Fish Department,3,1110856,785867,324989
2466,r432,"United States<sup>b</sup> -> Wyoming -> State Engineer, Office of",United States<sup>b</sup>,Wyoming,"State Engineer, Office of",3,250000,100000,150000
2466,r433,United States<sup>b</sup> -> Wyoming -> State Geological Survey,United States<sup>b</sup>,Wyoming,State Geological Survey,3,183963,173963,10000
2466,r434,"United States<sup>b</sup> -> Wyoming -> Transportation, Department of",United States<sup>b</sup>,Wyoming,"Transportation, Department of",3,1218971,991339,227632
2466,r435,United States<sup>b</sup> -> Wyoming -> Water Development Office,United States<sup>b</sup>,Wyoming,Water Development Office,3,350511,0,350511
