table_id,row_id,_b_institution_b_full_path,_b_institution_b_level_1,_b_institution_b_level_2,_b_institution_b_hierarchy_depth,field_all_graduate_students_rank,field_all_graduate_students_total,field_all_graduate_students_science,field_all_graduate_students_engineering,field_all_graduate_students_health,field_full_time_students_rank,field_full_time_students_total,field_full_time_students_science,field_full_time_students_engineering,field_full_time_students_health,field_part_time_students_rank,field_part_time_students_total,field_part_time_students_science,field_part_time_students_engineering,field_part_time_students_health
8279,r001,All institutions<sup>a</sup>,All institutions<sup>a</sup>,,1,-,760156,509784,168050,82322,-,543823,366207,122853,54763,-,216333,143577,45197,27559
8279,r002,All institutions<sup>a</sup> -> Georgia Institute of Technology,All institutions<sup>a</sup>,Georgia Institute of Technology,2,1,16028,11956,4032,40,16,5811,2480,3312,19,1,10217,9476,720,21
8279,r003,All institutions<sup>a</sup> -> Johns Hopkins U.,All institutions<sup>a</sup>,Johns Hopkins U.,2,2,14189,7964,3844,2381,15,5865,3470,1430,965,2,8324,4494,2414,1416
8279,r004,All institutions<sup>a</sup> -> U. Southern California,All institutions<sup>a</sup>,U. Southern California,2,3,11765,7415,3285,1065,3,9267,6267,2196,804,10,2498,1148,1089,261
8279,r005,All institutions<sup>a</sup> -> Columbia U. in the City of New York,All institutions<sup>a</sup>,Columbia U. in the City of New York,2,4,11386,7616,2879,891,2,9521,6394,2342,785,17,1865,1222,537,106
8279,r006,All institutions<sup>a</sup> -> New York U.,All institutions<sup>a</sup>,New York U.,2,5,11211,8461,1957,793,4,8608,6343,1733,532,9,2603,2118,224,261
8279,r007,All institutions<sup>a</sup> -> Liberty U.,All institutions<sup>a</sup>,Liberty U.,2,6,11137,10069,28,1040,17,5797,5302,24,471,3,5340,4767,4,569
8279,r008,All institutions<sup>a</sup> -> U. Michigan,All institutions<sup>a</sup>,U. Michigan,2,7,11054,5930,4353,771,1,9694,5359,3579,756,27,1360,571,774,15
8279,r009,All institutions<sup>a</sup> -> Arizona State U.,All institutions<sup>a</sup>,Arizona State U.,2,8,10765,7081,3534,150,8,6501,4119,2252,130,4,4264,2962,1282,20
8279,r010,"All institutions<sup>a</sup> -> U. Illinois, Urbana-Champaign",All institutions<sup>a</sup>,"U. Illinois, Urbana-Champaign",2,9,9735,6638,2885,212,5,8232,5354,2674,204,23,1503,1284,211,8
8279,r011,All institutions<sup>a</sup> -> U. Florida,All institutions<sup>a</sup>,U. Florida,2,10,8579,5740,2183,656,19,5587,3615,1506,466,8,2992,2125,677,190
8279,r012,All institutions<sup>a</sup> -> Texas A&M U.,All institutions<sup>a</sup>,Texas A&M U.,2,11,8402,4742,3252,408,6,6856,3795,2706,355,22,1546,947,546,53
8279,r013,All institutions<sup>a</sup> -> Purdue U.,All institutions<sup>a</sup>,Purdue U.,2,12,8271,3009,4758,504,24,5131,2254,2554,323,7,3140,755,2204,181
8279,r014,All institutions<sup>a</sup> -> U. Washington,All institutions<sup>a</sup>,U. Washington,2,13,8129,5085,2006,1038,12,6173,3973,1367,833,16,1956,1112,639,205
8279,r015,"All institutions<sup>a</sup> -> U. California, Berkeley",All institutions<sup>a</sup>,"U. California, Berkeley",2,14,7906,4819,2379,708,9,6442,3674,2322,446,24,1464,1145,57,262
8279,r016,"All institutions<sup>a</sup> -> U. Texas, Austin",All institutions<sup>a</sup>,"U. Texas, Austin",2,15,7632,5004,2146,482,20,5432,3207,1869,356,13,2200,1797,277,126
8279,r017,All institutions<sup>a</sup> -> U. Colorado,All institutions<sup>a</sup>,U. Colorado,2,16,7556,4253,2537,766,11,6260,3699,1926,635,31,1296,554,611,131
8279,r018,All institutions<sup>a</sup> -> Pennsylvania State U.,All institutions<sup>a</sup>,Pennsylvania State U.,2,17,7244,4554,2475,215,28,4918,3115,1620,183,11,2326,1439,855,32
8279,r019,All institutions<sup>a</sup> -> Northeastern U.,All institutions<sup>a</sup>,Northeastern U.,2,18,6961,3178,3644,139,7,6586,2966,3492,128,153,375,212,152,11
8279,r020,"All institutions<sup>a</sup> -> U. Maryland, College Park",All institutions<sup>a</sup>,"U. Maryland, College Park",2,19,6729,3892,1663,1174,23,5156,3374,1242,540,20,1573,518,421,634
8279,r021,All institutions<sup>a</sup> -> Boston U.,All institutions<sup>a</sup>,Boston U.,2,20,6512,4486,1042,984,26,4959,3336,905,718,21,1553,1150,137,266
8279,r022,"All institutions<sup>a</sup> -> U. California, Los Angeles",All institutions<sup>a</sup>,"U. California, Los Angeles",2,21,6401,3695,2089,617,10,6401,3695,2089,617,627,0,0,0,0
8279,r023,All institutions<sup>a</sup> -> George Washington U.,All institutions<sup>a</sup>,George Washington U.,2,22,6331,3764,745,1822,49,2742,2016,231,495,5,3589,1748,514,1327
8279,r024,All institutions<sup>a</sup> -> Stanford U.,All institutions<sup>a</sup>,Stanford U.,2,23,6254,3707,2364,183,13,5999,3593,2250,156,198,255,114,114,27
8279,r025,All institutions<sup>a</sup> -> U. Wisconsin-Madison,All institutions<sup>a</sup>,U. Wisconsin-Madison,2,24,6169,4223,1508,438,25,5094,3593,1141,360,41,1075,630,367,78
8279,r026,All institutions<sup>a</sup> -> North Carolina State U.,All institutions<sup>a</sup>,North Carolina State U.,2,25,6095,3426,2669,0,29,4804,2788,2016,0,32,1291,638,653,0
8279,r027,All institutions<sup>a</sup> -> Cornell U.,All institutions<sup>a</sup>,Cornell U.,2,26,5994,4145,1849,0,14,5983,4134,1849,0,558,11,11,0,0
8279,r028,All institutions<sup>a</sup> -> Carnegie Mellon U.,All institutions<sup>a</sup>,Carnegie Mellon U.,2,27,5926,3253,2673,0,18,5763,3189,2574,0,272,163,64,99,0
8279,r029,All institutions<sup>a</sup> -> U. Minnesota,All institutions<sup>a</sup>,U. Minnesota,2,28,5906,3881,1277,748,21,5358,3577,1146,635,106,548,304,131,113
8279,r030,All institutions<sup>a</sup> -> Indiana U.,All institutions<sup>a</sup>,Indiana U.,2,29,5506,3884,249,1373,35,4194,2891,150,1153,30,1312,993,99,220
8279,r031,"All institutions<sup>a</sup> -> U. California, San Diego",All institutions<sup>a</sup>,"U. California, San Diego",2,30,5433,3245,2188,0,22,5192,3154,2038,0,212,241,91,150,0
8279,r032,All institutions<sup>a</sup> -> U. Chicago,All institutions<sup>a</sup>,U. Chicago,2,31,5274,5020,254,0,30,4771,4519,252,0,117,503,501,2,0
8279,r033,All institutions<sup>a</sup> -> Ohio State U.,All institutions<sup>a</sup>,Ohio State U.,2,32,5165,2865,1619,681,31,4576,2619,1436,521,99,589,246,183,160
8279,r034,All institutions<sup>a</sup> -> Virginia Polytechnic Institute and State U.,All institutions<sup>a</sup>,Virginia Polytechnic Institute and State U.,2,33,5162,3008,2090,64,37,3843,2029,1758,56,29,1319,979,332,8
8279,r035,All institutions<sup>a</sup> -> Massachusetts Institute of Technology,All institutions<sup>a</sup>,Massachusetts Institute of Technology,2,34,4925,2540,2385,0,27,4919,2539,2380,0,587,6,1,5,0
8279,r036,"All institutions<sup>a</sup> -> SUNY, U. Buffalo",All institutions<sup>a</sup>,"SUNY, U. Buffalo",2,35,4695,2760,1497,438,33,4237,2552,1323,362,134,458,208,174,76
8279,r037,All institutions<sup>a</sup> -> George Mason U.,All institutions<sup>a</sup>,George Mason U.,2,36,4643,3784,536,323,59,2521,2088,256,177,14,2122,1696,280,146
8279,r038,"All institutions<sup>a</sup> -> U. California, Davis",All institutions<sup>a</sup>,"U. California, Davis",2,37,4627,3375,1012,240,32,4551,3346,972,233,388,76,29,40,7
8279,r039,All institutions<sup>a</sup> -> Harvard U.,All institutions<sup>a</sup>,Harvard U.,2,38,4504,3291,489,724,34,4209,3161,486,562,178,295,130,3,162
8279,r040,"All institutions<sup>a</sup> -> U. Texas, Dallas",All institutions<sup>a</sup>,"U. Texas, Dallas",2,38,4504,3237,1047,220,39,3581,2610,757,214,55,923,627,290,6
8279,r041,"All institutions<sup>a</sup> -> U. North Carolina, Chapel Hill",All institutions<sup>a</sup>,"U. North Carolina, Chapel Hill",2,40,4369,2554,121,1694,36,3851,2494,119,1238,115,518,60,2,456
8279,r042,"All institutions<sup>a</sup> -> U. South Florida, Tampa",All institutions<sup>a</sup>,"U. South Florida, Tampa",2,41,4355,2331,802,1222,44,3088,1871,626,591,33,1267,460,176,631
8279,r043,All institutions<sup>a</sup> -> Northwestern U.,All institutions<sup>a</sup>,Northwestern U.,2,42,4348,2922,1228,198,38,3801,2538,1149,114,107,547,384,79,84
8279,r044,All institutions<sup>a</sup> -> U. Arizona,All institutions<sup>a</sup>,U. Arizona,2,43,4336,2908,802,626,52,2673,1899,422,352,19,1663,1009,380,274
8279,r045,"All institutions<sup>a</sup> -> Rutgers, State U. New Jersey",All institutions<sup>a</sup>,"Rutgers, State U. New Jersey",2,44,4265,3405,827,33,43,3247,2675,549,23,47,1018,730,278,10
8279,r046,All institutions<sup>a</sup> -> U. Cincinnati,All institutions<sup>a</sup>,U. Cincinnati,2,45,4096,2278,954,864,65,2393,1359,649,385,18,1703,919,305,479
8279,r047,All institutions<sup>a</sup> -> U. Pittsburgh,All institutions<sup>a</sup>,U. Pittsburgh,2,46,4002,2549,837,616,40,3366,2191,692,483,87,636,358,145,133
8279,r048,"All institutions<sup>a</sup> -> U. Illinois, Chicago",All institutions<sup>a</sup>,"U. Illinois, Chicago",2,47,3959,1808,783,1368,45,3063,1486,598,979,58,896,322,185,389
8279,r049,All institutions<sup>a</sup> -> U. Utah,All institutions<sup>a</sup>,U. Utah,2,48,3840,2347,957,536,47,2850,1776,694,380,49,990,571,263,156
8279,r050,All institutions<sup>a</sup> -> U. Central Florida,All institutions<sup>a</sup>,U. Central Florida,2,49,3839,1867,1331,641,60,2503,1332,767,404,28,1336,535,564,237
8279,r051,All institutions<sup>a</sup> -> Michigan State U.,All institutions<sup>a</sup>,Michigan State U.,2,50,3660,2728,630,302,51,2722,2018,522,182,54,938,710,108,120
8279,r052,"All institutions<sup>a</sup> -> Washington U., Saint Louis",All institutions<sup>a</sup>,"Washington U., Saint Louis",2,51,3654,2327,1056,271,42,3294,2185,876,233,158,360,142,180,38
8279,r053,"All institutions<sup>a</sup> -> Colorado State U., Fort Collins",All institutions<sup>a</sup>,"Colorado State U., Fort Collins",2,52,3617,2665,903,49,114,1363,1073,257,33,12,2254,1592,646,16
8279,r054,All institutions<sup>a</sup> -> Florida State U.,All institutions<sup>a</sup>,Florida State U.,2,53,3599,2961,373,265,66,2391,1996,257,138,36,1208,965,116,127
8279,r055,"All institutions<sup>a</sup> -> U. Texas, Arlington",All institutions<sup>a</sup>,"U. Texas, Arlington",2,54,3591,2010,1464,117,58,2524,1515,939,70,42,1067,495,525,47
8279,r056,"All institutions<sup>a</sup> -> U. Maryland, U. C.",All institutions<sup>a</sup>,"U. Maryland, U. C.",2,55,3559,3559,0,0,539,44,44,0,0,6,3515,3515,0,0
8279,r057,"All institutions<sup>a</sup> -> U. California, Irvine",All institutions<sup>a</sup>,"U. California, Irvine",2,56,3522,2254,1124,144,41,3295,2099,1064,132,224,227,155,60,12
8279,r058,"All institutions<sup>a</sup> -> U. North Texas, Denton",All institutions<sup>a</sup>,"U. North Texas, Denton",2,57,3521,2793,522,206,67,2383,1819,388,176,37,1138,974,134,30
8279,r059,"All institutions<sup>a</sup> -> U. Massachusetts, Amherst",All institutions<sup>a</sup>,"U. Massachusetts, Amherst",2,58,3467,2355,682,430,50,2735,2002,572,161,71,732,353,110,269
8279,r060,All institutions<sup>a</sup> -> U. Connecticut,All institutions<sup>a</sup>,U. Connecticut,2,59,3326,2066,916,344,53,2651,1768,608,275,81,675,298,308,69
8279,r061,All institutions<sup>a</sup> -> Georgetown U.,All institutions<sup>a</sup>,Georgetown U.,2,60,3298,3178,0,120,55,2615,2560,0,55,78,683,618,0,65
8279,r062,All institutions<sup>a</sup> -> Texas Tech U.,All institutions<sup>a</sup>,Texas Tech U.,2,61,3255,2102,817,336,61,2454,1638,568,248,64,801,464,249,88
8279,r063,All institutions<sup>a</sup> -> U. Virginia,All institutions<sup>a</sup>,U. Virginia,2,62,3170,2035,937,198,56,2591,1679,730,182,100,579,356,207,16
8279,r064,All institutions<sup>a</sup> -> U. Houston,All institutions<sup>a</sup>,U. Houston,2,63,3166,1758,1236,172,68,2366,1286,930,150,65,800,472,306,22
8279,r065,"All institutions<sup>a</sup> -> SUNY, Stony Brook U.",All institutions<sup>a</sup>,"SUNY, Stony Brook U.",2,64,3074,2267,579,228,48,2835,2144,493,198,213,239,123,86,30
8279,r066,All institutions<sup>a</sup> -> Oregon State U.,All institutions<sup>a</sup>,Oregon State U.,2,65,3072,1987,760,325,69,2318,1503,622,193,70,754,484,138,132
8279,r067,All institutions<sup>a</sup> -> Stevens Institute of Technology,All institutions<sup>a</sup>,Stevens Institute of Technology,2,66,3062,1699,1360,3,76,2085,1350,734,1,51,977,349,626,2
8279,r068,All institutions<sup>a</sup> -> Duke U.,All institutions<sup>a</sup>,Duke U.,2,67,2972,1971,840,161,46,2972,1971,840,161,627,0,0,0,0
8279,r069,All institutions<sup>a</sup> -> Iowa State U.,All institutions<sup>a</sup>,Iowa State U.,2,68,2959,1988,945,26,84,1829,1214,596,19,39,1130,774,349,7
8279,r070,All institutions<sup>a</sup> -> Auburn U.,All institutions<sup>a</sup>,Auburn U.,2,68,2959,1741,1063,155,86,1732,970,638,124,35,1227,771,425,31
8279,r071,All institutions<sup>a</sup> -> Tufts U.,All institutions<sup>a</sup>,Tufts U.,2,70,2955,2415,369,171,63,2435,2044,298,93,114,520,371,71,78
8279,r072,All institutions<sup>a</sup> -> Pepperdine U.,All institutions<sup>a</sup>,Pepperdine U.,2,71,2881,2881,0,0,154,880,880,0,0,15,2001,2001,0,0
8279,r073,All institutions<sup>a</sup> -> U. Georgia,All institutions<sup>a</sup>,U. Georgia,2,72,2835,2405,184,246,54,2631,2225,177,229,239,204,180,7,17
8279,r074,All institutions<sup>a</sup> -> Lamar U.,All institutions<sup>a</sup>,Lamar U.,2,73,2793,2242,239,312,89,1660,1294,164,202,38,1133,948,75,110
8279,r075,"All institutions<sup>a</sup> -> U. Tennessee, Knoxville",All institutions<sup>a</sup>,"U. Tennessee, Knoxville",2,74,2770,1547,1034,189,115,1361,802,441,118,26,1409,745,593,71
8279,r076,All institutions<sup>a</sup> -> San Jose State U.,All institutions<sup>a</sup>,San Jose State U.,2,75,2684,882,1653,149,90,1652,556,978,118,45,1032,326,675,31
8279,r077,All institutions<sup>a</sup> -> Florida International U.,All institutions<sup>a</sup>,Florida International U.,2,76,2650,1709,501,440,77,2071,1366,388,317,100,579,343,113,123
8279,r078,All institutions<sup>a</sup> -> Clemson U.,All institutions<sup>a</sup>,Clemson U.,2,77,2644,1439,1073,132,74,2115,1028,984,103,111,529,411,89,29
8279,r079,All institutions<sup>a</sup> -> U. Pennsylvania,All institutions<sup>a</sup>,U. Pennsylvania,2,78,2616,2000,616,0,57,2576,1982,594,0,459,40,18,22,0
8279,r080,All institutions<sup>a</sup> -> Syracuse U.,All institutions<sup>a</sup>,Syracuse U.,2,79,2556,2085,428,43,83,1844,1471,334,39,74,712,614,94,4
8279,r081,All institutions<sup>a</sup> -> Georgia State U.,All institutions<sup>a</sup>,Georgia State U.,2,80,2530,1997,0,533,75,2091,1709,0,382,138,439,288,0,151
8279,r082,"All institutions<sup>a</sup> -> U. California, Riverside",All institutions<sup>a</sup>,"U. California, Riverside",2,81,2514,1797,717,0,64,2398,1792,606,0,323,116,5,111,0
8279,r083,All institutions<sup>a</sup> -> U. Delaware,All institutions<sup>a</sup>,U. Delaware,2,82,2501,1703,667,131,72,2246,1506,621,119,198,255,197,46,12
8279,r084,All institutions<sup>a</sup> -> Princeton U.,All institutions<sup>a</sup>,Princeton U.,2,83,2451,1871,580,0,62,2451,1871,580,0,627,0,0,0,0
8279,r085,"All institutions<sup>a</sup> -> U. Alabama, Birmingham",All institutions<sup>a</sup>,"U. Alabama, Birmingham",2,84,2445,1261,540,644,107,1425,973,150,302,46,1020,288,390,342
8279,r086,All institutions<sup>a</sup> -> Drexel U.,All institutions<sup>a</sup>,Drexel U.,2,85,2416,1590,649,177,110,1399,922,381,96,48,1017,668,268,81
8279,r087,All institutions<sup>a</sup> -> National U.,All institutions<sup>a</sup>,National U.,2,86,2405,2278,0,127,128,1156,1077,0,79,34,1249,1201,0,48
8279,r088,All institutions<sup>a</sup> -> U. Oklahoma,All institutions<sup>a</sup>,U. Oklahoma,2,87,2361,1728,529,104,104,1454,1075,300,79,57,907,653,229,25
8279,r089,All institutions<sup>a</sup> -> Case Western Reserve U.,All institutions<sup>a</sup>,Case Western Reserve U.,2,88,2356,1465,639,252,79,2036,1259,558,219,170,320,206,81,33
8279,r090,All institutions<sup>a</sup> -> Yale U.,All institutions<sup>a</sup>,Yale U.,2,89,2306,1767,330,209,70,2284,1752,328,204,515,22,15,2,5
8279,r091,All institutions<sup>a</sup> -> U. Kentucky,All institutions<sup>a</sup>,U. Kentucky,2,90,2277,1514,372,391,81,1953,1325,335,293,168,324,189,37,98
8279,r092,All institutions<sup>a</sup> -> U. Denver,All institutions<sup>a</sup>,U. Denver,2,91,2269,2090,139,40,97,1537,1465,56,16,71,732,625,83,24
8279,r093,"All institutions<sup>a</sup> -> U. Missouri, Columbia",All institutions<sup>a</sup>,"U. Missouri, Columbia",2,92,2261,1606,262,393,122,1276,966,120,190,50,985,640,142,203
8279,r094,"All institutions<sup>a</sup> -> U. California, Santa Barbara",All institutions<sup>a</sup>,"U. California, Santa Barbara",2,93,2251,1800,451,0,71,2251,1800,451,0,627,0,0,0,0
8279,r095,All institutions<sup>a</sup> -> U. Miami,All institutions<sup>a</sup>,U. Miami,2,94,2248,1856,239,153,78,2042,1713,220,109,236,206,143,19,44
8279,r096,All institutions<sup>a</sup> -> Brown U.,All institutions<sup>a</sup>,Brown U.,2,95,2198,1631,306,261,73,2140,1596,295,249,419,58,35,11,12
8279,r097,"All institutions<sup>a</sup> -> U. Texas Health Science Center, Houston",All institutions<sup>a</sup>,"U. Texas Health Science Center, Houston",2,96,2186,1256,38,892,117,1331,893,38,400,59,855,363,0,492
8279,r098,All institutions<sup>a</sup> -> U. Kansas,All institutions<sup>a</sup>,U. Kansas,2,97,2160,1523,372,265,87,1721,1223,297,201,138,439,300,75,64
8279,r099,All institutions<sup>a</sup> -> U. New Mexico,All institutions<sup>a</sup>,U. New Mexico,2,98,2147,1241,616,290,102,1471,893,371,207,80,676,348,245,83
8279,r100,All institutions<sup>a</sup> -> Rice U.,All institutions<sup>a</sup>,Rice U.,2,99,2142,1440,702,0,80,2029,1349,680,0,326,113,91,22,0
8279,r101,All institutions<sup>a</sup> -> Wayne State U.,All institutions<sup>a</sup>,Wayne State U.,2,100,2110,1279,450,381,96,1546,988,267,291,102,564,291,183,90
8279,r102,"All institutions<sup>a</sup> -> Columbia U., Teachers C.",All institutions<sup>a</sup>,"Columbia U., Teachers C.",2,101,2100,1897,0,203,102,1471,1347,0,124,90,629,550,0,79
8279,r103,All institutions<sup>a</sup> -> New Jersey Institute of Technology,All institutions<sup>a</sup>,New Jersey Institute of Technology,2,102,2086,1205,851,30,119,1303,833,449,21,67,783,372,402,9
8279,r104,All institutions<sup>a</sup> -> Louisiana State U.,All institutions<sup>a</sup>,Louisiana State U.,2,103,2084,1447,397,240,85,1767,1258,327,182,172,317,189,70,58
8279,r105,All institutions<sup>a</sup> -> Florida Institute of Technology,All institutions<sup>a</sup>,Florida Institute of Technology,2,104,2080,1621,459,0,197,634,391,243,0,25,1446,1230,216,0
8279,r106,"All institutions<sup>a</sup> -> U. Texas, San Antonio",All institutions<sup>a</sup>,"U. Texas, San Antonio",2,105,2067,1474,494,99,142,1029,734,246,49,44,1038,740,248,50
8279,r107,All institutions<sup>a</sup> -> U. Nebraska-Lincoln,All institutions<sup>a</sup>,U. Nebraska-Lincoln,2,106,2062,1458,539,65,94,1565,1127,375,63,120,497,331,164,2
8279,r108,All institutions<sup>a</sup> -> American U.,All institutions<sup>a</sup>,American U.,2,107,2042,2018,0,24,125,1239,1229,0,10,63,803,789,0,14
8279,r109,All institutions<sup>a</sup> -> Mississippi State U.,All institutions<sup>a</sup>,Mississippi State U.,2,108,2032,1272,693,67,132,1122,775,301,46,56,910,497,392,21
8279,r110,"All institutions<sup>a</sup> -> SUNY, Binghamton U.",All institutions<sup>a</sup>,"SUNY, Binghamton U.",2,109,2029,1372,586,71,99,1526,1040,436,50,117,503,332,150,21
8279,r111,All institutions<sup>a</sup> -> Illinois Institute of Technology,All institutions<sup>a</sup>,Illinois Institute of Technology,2,110,2000,1388,567,45,121,1279,881,393,5,73,721,507,174,40
8279,r112,All institutions<sup>a</sup> -> Washington State U.,All institutions<sup>a</sup>,Washington State U.,2,111,1950,1337,494,119,88,1661,1149,406,106,181,289,188,88,13
8279,r113,"All institutions<sup>a</sup> -> U. North Carolina, Charlotte",All institutions<sup>a</sup>,"U. North Carolina, Charlotte",2,112,1921,1424,339,158,113,1369,1039,213,117,104,552,385,126,41
8279,r114,All institutions<sup>a</sup> -> Oklahoma State U.,All institutions<sup>a</sup>,Oklahoma State U.,2,113,1910,1331,448,131,112,1375,970,306,99,110,535,361,142,32
8279,r115,All institutions<sup>a</sup> -> Vanderbilt U.,All institutions<sup>a</sup>,Vanderbilt U.,2,114,1881,1426,407,48,82,1860,1414,399,47,520,21,12,8,1
8279,r116,"All institutions<sup>a</sup> -> SUNY, U. Albany",All institutions<sup>a</sup>,"SUNY, U. Albany",2,115,1880,1524,41,315,138,1059,885,26,148,61,821,639,15,167
8279,r117,All institutions<sup>a</sup> -> U. Iowa,All institutions<sup>a</sup>,U. Iowa,2,116,1879,1277,297,305,92,1621,1114,253,254,197,258,163,44,51
8279,r118,All institutions<sup>a</sup> -> San Diego State U.,All institutions<sup>a</sup>,San Diego State U.,2,117,1867,1145,304,418,111,1386,814,176,396,127,481,331,128,22
8279,r119,All institutions<sup>a</sup> -> U. South Carolina,All institutions<sup>a</sup>,U. South Carolina,2,118,1850,1064,349,437,101,1513,953,289,271,166,337,111,60,166
8279,r120,"All institutions<sup>a</sup> -> U. Alabama, Tuscaloosa",All institutions<sup>a</sup>,"U. Alabama, Tuscaloosa",2,119,1847,978,548,321,123,1249,737,306,206,98,598,241,242,115
8279,r121,All institutions<sup>a</sup> -> Temple U.,All institutions<sup>a</sup>,Temple U.,2,120,1842,1447,191,204,105,1439,1124,159,156,145,403,323,32,48
8279,r122,All institutions<sup>a</sup> -> U. Wisconsin-Milwaukee,All institutions<sup>a</sup>,U. Wisconsin-Milwaukee,2,121,1836,1243,224,369,108,1423,955,171,297,144,413,288,53,72
8279,r123,All institutions<sup>a</sup> -> West Virginia U.,All institutions<sup>a</sup>,West Virginia U.,2,122,1825,1061,432,332,97,1537,896,350,291,184,288,165,82,41
8279,r124,"All institutions<sup>a</sup> -> U. Massachusetts, Lowell",All institutions<sup>a</sup>,"U. Massachusetts, Lowell",2,123,1818,815,814,189,156,864,379,386,99,52,954,436,428,90
8279,r125,All institutions<sup>a</sup> -> Kansas State U.,All institutions<sup>a</sup>,Kansas State U.,2,124,1806,1472,285,49,124,1248,1033,184,31,103,558,439,101,18
8279,r126,All institutions<sup>a</sup> -> Tulane U.,All institutions<sup>a</sup>,Tulane U.,2,125,1768,1059,96,613,100,1519,1022,96,401,202,249,37,0,212
8279,r127,All institutions<sup>a</sup> -> Rochester Institute of Technology,All institutions<sup>a</sup>,Rochester Institute of Technology,2,125,1768,1305,455,8,116,1348,1022,325,1,143,420,283,130,7
8279,r128,"All institutions<sup>a</sup> -> California State U., Northridge",All institutions<sup>a</sup>,"California State U., Northridge",2,127,1763,555,285,923,183,687,301,109,277,40,1076,254,176,646
8279,r129,All institutions<sup>a</sup> -> U. Notre Dame,All institutions<sup>a</sup>,U. Notre Dame,2,128,1738,1041,697,0,91,1647,960,687,0,360,91,81,10,0
8279,r130,All institutions<sup>a</sup> -> DePaul U.,All institutions<sup>a</sup>,DePaul U.,2,129,1732,1491,90,151,133,1116,926,54,136,93,616,565,36,15
8279,r131,"All institutions<sup>a</sup> -> U. Hawaii, Manoa",All institutions<sup>a</sup>,"U. Hawaii, Manoa",2,130,1716,1299,245,172,106,1427,1115,200,112,181,289,184,45,60
8279,r132,All institutions<sup>a</sup> -> Old Dominion U.,All institutions<sup>a</sup>,Old Dominion U.,2,131,1661,754,800,107,200,621,392,150,79,43,1040,362,650,28
8279,r133,All institutions<sup>a</sup> -> U. Rochester,All institutions<sup>a</sup>,U. Rochester,2,132,1652,1261,311,80,93,1591,1228,307,56,413,61,33,4,24
8279,r134,"All institutions<sup>a</sup> -> U. California, Santa Cruz",All institutions<sup>a</sup>,"U. California, Santa Cruz",2,133,1597,1490,107,0,95,1549,1450,99,0,443,48,40,8,0
8279,r135,All institutions<sup>a</sup> -> U. Central Missouri,All institutions<sup>a</sup>,U. Central Missouri,2,134,1572,1445,42,85,148,945,854,28,63,91,627,591,14,22
8279,r136,"All institutions<sup>a</sup> -> U. Nevada, Reno",All institutions<sup>a</sup>,"U. Nevada, Reno",2,135,1569,881,377,311,120,1301,775,343,183,191,268,106,34,128
8279,r137,"All institutions<sup>a</sup> -> California State U., Fullerton",All institutions<sup>a</sup>,"California State U., Fullerton",2,136,1564,840,552,172,198,624,370,134,120,53,940,470,418,52
8279,r138,All institutions<sup>a</sup> -> Worcester Polytechnic Institute,All institutions<sup>a</sup>,Worcester Polytechnic Institute,2,137,1552,530,1022,0,170,782,319,463,0,69,770,211,559,0
8279,r139,All institutions<sup>a</sup> -> U. Louisville,All institutions<sup>a</sup>,U. Louisville,2,138,1541,695,571,275,141,1044,542,281,221,120,497,153,290,54
8279,r140,All institutions<sup>a</sup> -> Colorado School of Mines,All institutions<sup>a</sup>,Colorado School of Mines,2,139,1523,489,1034,0,127,1219,428,791,0,176,304,61,243,0
8279,r141,"All institutions<sup>a</sup> -> U. Arkansas, Fayetteville",All institutions<sup>a</sup>,"U. Arkansas, Fayetteville",2,140,1517,868,568,81,159,850,475,305,70,83,667,393,263,11
8279,r142,All institutions<sup>a</sup> -> Baylor U.,All institutions<sup>a</sup>,Baylor U.,2,141,1515,642,80,793,126,1223,590,77,556,180,292,52,3,237
8279,r143,All institutions<sup>a</sup> -> Emory U.,All institutions<sup>a</sup>,Emory U.,2,142,1483,1141,227,115,118,1321,1134,98,89,273,162,7,129,26
8279,r144,All institutions<sup>a</sup> -> Texas State U.,All institutions<sup>a</sup>,Texas State U.,2,143,1480,1153,119,208,146,997,741,73,183,125,483,412,46,25
8279,r145,All institutions<sup>a</sup> -> Cleveland State U.,All institutions<sup>a</sup>,Cleveland State U.,2,144,1473,913,483,77,129,1132,733,335,64,164,341,180,148,13
8279,r146,All institutions<sup>a</sup> -> Virginia Commonwealth U.,All institutions<sup>a</sup>,Virginia Commonwealth U.,2,145,1472,808,267,397,134,1112,612,172,328,158,360,196,95,69
8279,r147,"All institutions<sup>a</sup> -> U. Maryland, Baltimore County",All institutions<sup>a</sup>,"U. Maryland, Baltimore County",2,146,1467,1235,232,0,137,1069,907,162,0,146,398,328,70,0
8279,r148,All institutions<sup>a</sup> -> Kent State U.,All institutions<sup>a</sup>,Kent State U.,2,147,1465,964,8,493,147,993,754,7,232,129,472,210,1,261
8279,r149,"All institutions<sup>a</sup> -> California State U., Long Beach",All institutions<sup>a</sup>,"California State U., Long Beach",2,148,1434,934,366,134,175,769,525,143,101,85,665,409,223,33
8279,r150,"All institutions<sup>a</sup> -> U. Texas, El Paso",All institutions<sup>a</sup>,"U. Texas, El Paso",2,149,1416,649,636,131,164,807,408,300,99,96,609,241,336,32
8279,r151,All institutions<sup>a</sup> -> New Mexico State U.,All institutions<sup>a</sup>,New Mexico State U.,2,150,1414,874,316,224,153,890,587,184,119,113,524,287,132,105
8279,r152,All institutions<sup>a</sup> -> California Institute of Technology,All institutions<sup>a</sup>,California Institute of Technology,2,151,1410,839,571,0,109,1410,839,571,0,627,0,0,0,0
8279,r153,All institutions<sup>a</sup> -> Naval Postgraduate School,All institutions<sup>a</sup>,Naval Postgraduate School,2,152,1373,492,881,0,151,916,492,424,0,135,457,0,457,0
8279,r154,All institutions<sup>a</sup> -> Northwest Missouri State U.,All institutions<sup>a</sup>,Northwest Missouri State U.,2,153,1369,1369,0,0,135,1080,1080,0,0,181,289,289,0,0
8279,r155,All institutions<sup>a</sup> -> U. Memphis,All institutions<sup>a</sup>,U. Memphis,2,154,1364,900,174,290,157,863,574,93,196,119,501,326,81,94
8279,r156,All institutions<sup>a</sup> -> Texas Woman's U.,All institutions<sup>a</sup>,Texas Woman's U.,2,155,1340,849,0,491,222,496,262,0,234,60,844,587,0,257
8279,r157,"All institutions<sup>a</sup> -> U. Massachusetts, Boston",All institutions<sup>a</sup>,"U. Massachusetts, Boston",2,156,1336,1079,0,257,188,669,596,0,73,83,667,483,0,184
8279,r158,All institutions<sup>a</sup> -> Utah State U.,All institutions<sup>a</sup>,Utah State U.,2,157,1335,883,270,182,212,527,271,140,116,62,808,612,130,66
8279,r159,All institutions<sup>a</sup> -> Florida Atlantic U.,All institutions<sup>a</sup>,Florida Atlantic U.,2,158,1303,913,253,137,187,672,469,118,85,89,631,444,135,52
8279,r160,All institutions<sup>a</sup> -> U. Dayton,All institutions<sup>a</sup>,U. Dayton,2,159,1297,802,495,0,130,1126,722,404,0,268,171,80,91,0
8279,r161,All institutions<sup>a</sup> -> Southern Methodist U.,All institutions<sup>a</sup>,Southern Methodist U.,2,160,1282,775,507,0,205,572,411,161,0,75,710,364,346,0
8279,r162,All institutions<sup>a</sup> -> Northern Illinois U.,All institutions<sup>a</sup>,Northern Illinois U.,2,161,1262,776,124,362,180,710,536,77,97,104,552,240,47,265
8279,r163,All institutions<sup>a</sup> -> Ohio U.,All institutions<sup>a</sup>,Ohio U.,2,162,1256,825,315,116,168,791,562,128,101,132,465,263,187,15
8279,r164,All institutions<sup>a</sup> -> U. Texas Rio Grande Valley,All institutions<sup>a</sup>,U. Texas Rio Grande Valley,2,163,1237,715,185,337,207,559,413,100,46,79,678,302,85,291
8279,r165,All institutions<sup>a</sup> -> Wright State U.,All institutions<sup>a</sup>,Wright State U.,2,164,1229,842,344,43,145,1005,724,250,31,226,224,118,94,12
8279,r166,All institutions<sup>a</sup> -> U. New Haven,All institutions<sup>a</sup>,U. New Haven,2,165,1228,662,418,148,143,1022,562,329,131,236,206,100,89,17
8279,r167,All institutions<sup>a</sup> -> U. San Francisco,All institutions<sup>a</sup>,U. San Francisco,2,166,1226,1034,0,192,185,680,615,0,65,108,546,419,0,127
8279,r168,All institutions<sup>a</sup> -> Harrisburg U. of Science and Technology,All institutions<sup>a</sup>,Harrisburg U. of Science and Technology,2,167,1196,1150,0,46,131,1124,1080,0,44,394,72,70,0,2
8279,r169,"All institutions<sup>a</sup> -> U. Missouri, Kansas City",All institutions<sup>a</sup>,"U. Missouri, Kansas City",2,168,1192,942,169,81,174,770,679,85,6,142,422,263,84,75
8279,r170,All institutions<sup>a</sup> -> Miami U.,All institutions<sup>a</sup>,Miami U.,2,169,1180,1021,49,110,207,559,421,43,95,92,621,600,6,15
8279,r171,All institutions<sup>a</sup> -> Brigham Young U.,All institutions<sup>a</sup>,Brigham Young U.,2,170,1170,707,362,101,233,463,258,139,66,77,707,449,223,35
8279,r172,"All institutions<sup>a</sup> -> U. North Carolina, Greensboro",All institutions<sup>a</sup>,"U. North Carolina, Greensboro",2,171,1168,760,0,408,199,623,418,0,205,109,545,342,0,203
8279,r173,All institutions<sup>a</sup> -> Portland State U.,All institutions<sup>a</sup>,Portland State U.,2,172,1156,905,157,94,190,664,546,53,65,123,492,359,104,29
8279,r174,All institutions<sup>a</sup> -> Montclair State U.,All institutions<sup>a</sup>,Montclair State U.,2,173,1148,871,0,277,152,901,679,0,222,205,247,192,0,55
8279,r175,All institutions<sup>a</sup> -> Carlos Albizu U.,All institutions<sup>a</sup>,Carlos Albizu U.,2,174,1147,962,0,185,149,939,813,0,126,234,208,149,0,59
8279,r176,"All institutions<sup>a</sup> -> U. Nevada, Las Vegas",All institutions<sup>a</sup>,"U. Nevada, Las Vegas",2,174,1147,821,162,164,169,790,594,94,102,161,357,227,68,62
8279,r177,All institutions<sup>a</sup> -> California Baptist U.,All institutions<sup>a</sup>,California Baptist U.,2,176,1145,794,13,338,172,780,592,4,184,154,365,202,9,154
8279,r178,All institutions<sup>a</sup> -> Kennesaw State U.,All institutions<sup>a</sup>,Kennesaw State U.,2,177,1143,759,286,98,219,509,385,93,31,88,634,374,193,67
8279,r179,All institutions<sup>a</sup> -> Wichita State U.,All institutions<sup>a</sup>,Wichita State U.,2,178,1141,680,395,66,176,744,501,186,57,147,397,179,209,9
8279,r180,All institutions<sup>a</sup> -> Saint Louis U.,All institutions<sup>a</sup>,Saint Louis U.,2,179,1138,740,97,301,136,1072,697,84,291,404,66,43,13,10
8279,r181,All institutions<sup>a</sup> -> Missouri U. of Science and Technology,All institutions<sup>a</sup>,Missouri U. of Science and Technology,2,180,1123,346,777,0,171,781,273,508,0,162,342,73,269,0
8279,r182,All institutions<sup>a</sup> -> Michigan Technological U.,All institutions<sup>a</sup>,Michigan Technological U.,2,181,1105,485,607,13,167,794,340,448,6,174,311,145,159,7
8279,r183,All institutions<sup>a</sup> -> Eastern U.,All institutions<sup>a</sup>,Eastern U.,2,182,1095,1095,0,0,290,320,320,0,0,68,775,775,0,0
8279,r184,All institutions<sup>a</sup> -> Claremont Graduate U.,All institutions<sup>a</sup>,Claremont Graduate U.,2,183,1094,929,0,165,193,653,567,0,86,137,441,362,0,79
8279,r185,All institutions<sup>a</sup> -> U. Idaho,All institutions<sup>a</sup>,U. Idaho,2,184,1093,807,286,0,200,621,486,135,0,129,472,321,151,0
8279,r186,All institutions<sup>a</sup> -> Brandeis U.,All institutions<sup>a</sup>,Brandeis U.,2,185,1088,1088,0,0,139,1053,1053,0,0,481,35,35,0,0
8279,r187,All institutions<sup>a</sup> -> Troy U.,All institutions<sup>a</sup>,Troy U.,2,186,1074,1051,0,23,266,366,357,0,9,76,708,694,0,14
8279,r188,All institutions<sup>a</sup> -> Western Michigan U.,All institutions<sup>a</sup>,Western Michigan U.,2,187,1068,695,242,131,150,922,609,208,105,288,146,86,34,26
8279,r189,All institutions<sup>a</sup> -> Maharishi U. of Management,All institutions<sup>a</sup>,Maharishi U. of Management,2,187,1068,1068,0,0,182,704,704,0,0,155,364,364,0,0
8279,r190,All institutions<sup>a</sup> -> North Dakota State U.,All institutions<sup>a</sup>,North Dakota State U.,2,189,1060,732,253,75,189,665,470,145,50,148,395,262,108,25
8279,r191,All institutions<sup>a</sup> -> New School,All institutions<sup>a</sup>,New School,2,190,1052,1052,0,0,180,710,710,0,0,162,342,342,0,0
8279,r192,All institutions<sup>a</sup> -> U. Rhode Island,All institutions<sup>a</sup>,U. Rhode Island,2,191,1051,612,240,199,165,806,498,161,147,207,245,114,79,52
8279,r193,All institutions<sup>a</sup> -> Santa Clara U.,All institutions<sup>a</sup>,Santa Clara U.,2,192,1050,490,560,0,192,658,276,382,0,149,392,214,178,0
8279,r194,"All institutions<sup>a</sup> -> U. California, San Francisco",All institutions<sup>a</sup>,"U. California, San Francisco",2,193,1049,735,106,208,140,1047,735,106,206,610,2,0,0,2
8279,r195,All institutions<sup>a</sup> -> U. New Hampshire,All institutions<sup>a</sup>,U. New Hampshire,2,194,1041,761,194,86,155,865,628,165,72,266,176,133,29,14
8279,r196,"All institutions<sup>a</sup> -> U. Alabama, Huntsville",All institutions<sup>a</sup>,"U. Alabama, Huntsville",2,195,1038,417,608,13,245,428,255,166,7,95,610,162,442,6
8279,r197,All institutions<sup>a</sup> -> Dartmouth C.,All institutions<sup>a</sup>,Dartmouth C.,2,196,1031,654,220,157,144,1008,653,217,138,511,23,1,3,19
8279,r198,All institutions<sup>a</sup> -> Lehigh U.,All institutions<sup>a</sup>,Lehigh U.,2,197,1023,528,495,0,162,824,461,363,0,243,199,67,132,0
8279,r199,All institutions<sup>a</sup> -> U. North Dakota,All institutions<sup>a</sup>,U. North Dakota,2,198,1019,522,334,163,221,502,238,167,97,116,517,284,167,66
8279,r200,All institutions<sup>a</sup> -> Antioch U.,All institutions<sup>a</sup>,Antioch U.,2,199,991,991,0,0,158,859,859,0,0,306,132,132,0,0
8279,r201,"All institutions<sup>a</sup> -> Southern Illinois U., Carbondale",All institutions<sup>a</sup>,"Southern Illinois U., Carbondale",2,200,985,721,139,125,166,796,582,105,109,251,189,139,34,16
8279,r202,All institutions<sup>a</sup> -> U. Maine,All institutions<sup>a</sup>,U. Maine,2,201,976,766,176,34,161,837,650,153,34,297,139,116,23,0
8279,r203,All institutions<sup>a</sup> -> U. Wyoming,All institutions<sup>a</sup>,U. Wyoming,2,202,974,734,185,55,163,814,601,162,51,276,160,133,23,4
8279,r204,All institutions<sup>a</sup> -> U. West Florida,All institutions<sup>a</sup>,U. West Florida,2,203,968,757,32,179,370,184,136,1,47,66,784,621,31,132
8279,r205,All institutions<sup>a</sup> -> U. Houston-Clear Lake,All institutions<sup>a</sup>,U. Houston-Clear Lake,2,204,966,828,122,16,204,589,546,38,5,152,377,282,84,11
8279,r206,All institutions<sup>a</sup> -> Long Island U.,All institutions<sup>a</sup>,Long Island U.,2,205,965,575,2,388,184,684,370,0,314,187,281,205,2,74
8279,r207,All institutions<sup>a</sup> -> Northern Arizona U.,All institutions<sup>a</sup>,Northern Arizona U.,2,206,962,656,131,175,178,723,531,117,75,213,239,125,14,100
8279,r208,All institutions<sup>a</sup> -> U. Toledo,All institutions<sup>a</sup>,U. Toledo,2,207,948,512,245,191,191,661,418,128,115,185,287,94,117,76
8279,r209,All institutions<sup>a</sup> -> Oakland U.,All institutions<sup>a</sup>,Oakland U.,2,208,941,376,475,90,215,515,247,205,63,141,426,129,270,27
8279,r210,"All institutions<sup>a</sup> -> California State U., Sacramento",All institutions<sup>a</sup>,"California State U., Sacramento",2,209,935,532,290,113,299,291,130,85,76,86,644,402,205,37
8279,r211,All institutions<sup>a</sup> -> Montana State U.,All institutions<sup>a</sup>,Montana State U.,2,210,903,702,201,0,176,744,569,175,0,277,159,133,26,0
8279,r212,All institutions<sup>a</sup> -> U. Mississippi,All institutions<sup>a</sup>,U. Mississippi,2,211,901,560,58,283,160,846,540,52,254,424,55,20,6,29
8279,r213,All institutions<sup>a</sup> -> East Carolina U.,All institutions<sup>a</sup>,East Carolina U.,2,212,899,585,40,274,210,536,352,19,165,156,363,233,21,109
8279,r214,All institutions<sup>a</sup> -> U. Southern Mississippi,All institutions<sup>a</sup>,U. Southern Mississippi,2,213,896,526,81,289,179,714,412,73,229,260,182,114,8,60
8279,r215,"All institutions<sup>a</sup> -> California State Polytechnic U., Pomona",All institutions<sup>a</sup>,"California State Polytechnic U., Pomona",2,213,896,484,412,0,307,283,193,90,0,94,613,291,322,0
8279,r216,All institutions<sup>a</sup> -> U. Vermont,All institutions<sup>a</sup>,U. Vermont,2,215,862,587,99,176,186,674,503,75,96,253,188,84,24,80
8279,r217,All institutions<sup>a</sup> -> Sam Houston State U.,All institutions<sup>a</sup>,Sam Houston State U.,2,216,861,784,0,77,253,397,361,0,36,133,464,423,0,41
8279,r218,All institutions<sup>a</sup> -> Boston C.,All institutions<sup>a</sup>,Boston C.,2,217,858,834,0,24,173,774,751,0,23,372,84,83,0,1
8279,r219,All institutions<sup>a</sup> -> U. Northern Colorado,All institutions<sup>a</sup>,U. Northern Colorado,2,218,838,536,0,302,254,395,240,0,155,136,443,296,0,147
8279,r220,"All institutions<sup>a</sup> -> CUNY, Baruch C.",All institutions<sup>a</sup>,"CUNY, Baruch C.",2,219,830,782,48,0,384,161,154,7,0,82,669,628,41,0
8279,r221,All institutions<sup>a</sup> -> San Francisco State U.,All institutions<sup>a</sup>,San Francisco State U.,2,220,828,630,76,122,206,562,403,47,112,193,266,227,29,10
8279,r222,"All institutions<sup>a</sup> -> California State U., Los Angeles",All institutions<sup>a</sup>,"California State U., Los Angeles",2,221,823,498,201,124,240,445,289,80,76,151,378,209,121,48
8279,r223,All institutions<sup>a</sup> -> Pace U.,All institutions<sup>a</sup>,Pace U.,2,222,814,729,11,74,224,494,430,3,61,170,320,299,8,13
8279,r224,All institutions<sup>a</sup> -> U. San Diego,All institutions<sup>a</sup>,U. San Diego,2,223,804,584,0,220,315,275,248,0,27,111,529,336,0,193
8279,r225,"All institutions<sup>a</sup> -> U. Nebraska, Omaha",All institutions<sup>a</sup>,"U. Nebraska, Omaha",2,224,791,764,0,27,293,305,283,0,22,124,486,481,0,5
8279,r226,All institutions<sup>a</sup> -> Ball State U.,All institutions<sup>a</sup>,Ball State U.,2,225,784,699,0,85,251,405,336,0,69,150,379,363,0,16
8279,r227,"All institutions<sup>a</sup> -> U. North Texas, Health Science Center",All institutions<sup>a</sup>,"U. North Texas, Health Science Center",2,226,769,509,0,260,196,640,482,0,158,311,129,27,0,102
8279,r228,All institutions<sup>a</sup> -> Villanova U.,All institutions<sup>a</sup>,Villanova U.,2,227,759,269,451,39,241,435,203,213,19,168,324,66,238,20
8279,r229,All institutions<sup>a</sup> -> Texas A&M U.-Commerce,All institutions<sup>a</sup>,Texas A&M U.-Commerce,2,228,744,643,0,101,319,261,213,0,48,125,483,430,0,53
8279,r230,All institutions<sup>a</sup> -> Marquette U.,All institutions<sup>a</sup>,Marquette U.,2,229,731,377,183,171,231,468,236,105,127,194,263,141,78,44
8279,r231,All institutions<sup>a</sup> -> U. Akron,All institutions<sup>a</sup>,U. Akron,2,230,725,381,246,98,213,525,286,177,62,242,200,95,69,36
8279,r232,All institutions<sup>a</sup> -> Bowling Green State U.,All institutions<sup>a</sup>,Bowling Green State U.,2,231,724,634,27,63,227,488,404,22,62,217,236,230,5,1
8279,r233,All institutions<sup>a</sup> -> Texas A&M U.-Kingsville,All institutions<sup>a</sup>,Texas A&M U.-Kingsville,2,232,711,384,238,89,230,472,285,129,58,213,239,99,109,31
8279,r234,All institutions<sup>a</sup> -> Azusa Pacific U.,All institutions<sup>a</sup>,Azusa Pacific U.,2,233,706,622,0,84,225,493,429,0,64,230,213,193,0,20
8279,r235,All institutions<sup>a</sup> -> U. Montana,All institutions<sup>a</sup>,U. Montana,2,234,705,529,0,176,254,395,299,0,96,175,310,230,0,80
8279,r236,"All institutions<sup>a</sup> -> U. Illinois, Springfield",All institutions<sup>a</sup>,"U. Illinois, Springfield",2,235,700,649,0,51,318,268,244,0,24,140,432,405,0,27
8279,r237,"All institutions<sup>a</sup> -> U. Puerto Rico, Mayaguez",All institutions<sup>a</sup>,"U. Puerto Rico, Mayaguez",2,236,699,448,251,0,195,644,418,226,0,424,55,30,25,0
8279,r238,"All institutions<sup>a</sup> -> CUNY, City C.",All institutions<sup>a</sup>,"CUNY, City C.",2,236,699,405,294,0,268,358,161,197,0,164,341,244,97,0
8279,r239,All institutions<sup>a</sup> -> Regis U.,All institutions<sup>a</sup>,Regis U.,2,238,694,677,0,17,225,493,481,0,12,240,201,196,0,5
8279,r240,All institutions<sup>a</sup> -> Rowan U.,All institutions<sup>a</sup>,Rowan U.,2,239,692,431,203,58,243,430,244,139,47,195,262,187,64,11
8279,r241,"All institutions<sup>a</sup> -> U. Puerto Rico, Rio Piedras",All institutions<sup>a</sup>,"U. Puerto Rico, Rio Piedras",2,240,682,682,0,0,202,618,618,0,0,409,64,64,0,0
8279,r242,All institutions<sup>a</sup> -> California Institute of Integral Studies,All institutions<sup>a</sup>,California Institute of Integral Studies,2,241,678,678,0,0,211,530,530,0,0,286,148,148,0,0
8279,r243,All institutions<sup>a</sup> -> Air Force Institute of Technology,All institutions<sup>a</sup>,Air Force Institute of Technology,2,242,674,123,544,7,215,515,104,406,5,277,159,19,138,2
8279,r244,All institutions<sup>a</sup> -> Boise State U.,All institutions<sup>a</sup>,Boise State U.,2,242,674,413,177,84,243,430,270,114,46,208,244,143,63,38
8279,r245,All institutions<sup>a</sup> -> Missouri State U.,All institutions<sup>a</sup>,Missouri State U.,2,242,674,520,0,154,245,428,322,0,106,206,246,198,0,48
8279,r246,All institutions<sup>a</sup> -> Grand Valley State U.,All institutions<sup>a</sup>,Grand Valley State U.,2,245,670,404,44,222,234,458,236,18,204,231,212,168,26,18
8279,r247,All institutions<sup>a</sup> -> South Dakota State U.,All institutions<sup>a</sup>,South Dakota State U.,2,246,661,497,122,42,248,417,326,84,7,208,244,171,38,35
8279,r248,All institutions<sup>a</sup> -> Barry U.,All institutions<sup>a</sup>,Barry U.,2,247,656,526,0,130,254,395,335,0,60,196,261,191,0,70
8279,r249,All institutions<sup>a</sup> -> East Tennessee State U.,All institutions<sup>a</sup>,East Tennessee State U.,2,248,650,225,0,425,237,451,169,0,282,243,199,56,0,143
8279,r250,"All institutions<sup>a</sup> -> Southern Illinois U., Edwardsville",All institutions<sup>a</sup>,"Southern Illinois U., Edwardsville",2,248,650,389,180,81,282,335,175,87,73,173,315,214,93,8
8279,r251,"All institutions<sup>a</sup> -> U. California, Merced",All institutions<sup>a</sup>,"U. California, Merced",2,250,649,444,173,32,194,647,444,172,31,610,2,0,1,1
8279,r252,All institutions<sup>a</sup> -> Georgia Southern U.,All institutions<sup>a</sup>,Georgia Southern U.,2,250,649,287,111,251,236,455,199,72,184,248,194,88,39,67
8279,r253,All institutions<sup>a</sup> -> Towson U.,All institutions<sup>a</sup>,Towson U.,2,252,646,546,0,100,262,374,274,0,100,189,272,272,0,0
8279,r254,"All institutions<sup>a</sup> -> U. Massachusetts, Dartmouth",All institutions<sup>a</sup>,"U. Massachusetts, Dartmouth",2,252,646,463,158,25,302,288,218,69,1,160,358,245,89,24
8279,r255,All institutions<sup>a</sup> -> Howard U.,All institutions<sup>a</sup>,Howard U.,2,254,645,518,46,81,229,486,384,35,67,277,159,134,11,14
8279,r256,"All institutions<sup>a</sup> -> Loyola U., Chicago",All institutions<sup>a</sup>,"Loyola U., Chicago",2,255,643,546,33,64,218,511,464,13,34,306,132,82,20,30
8279,r257,All institutions<sup>a</sup> -> Fielding Graduate U.,All institutions<sup>a</sup>,Fielding Graduate U.,2,256,635,635,0,0,217,513,513,0,0,318,122,122,0,0
8279,r258,All institutions<sup>a</sup> -> National Louis U.,All institutions<sup>a</sup>,National Louis U.,2,257,634,634,0,0,235,457,457,0,0,264,177,177,0,0
8279,r259,"All institutions<sup>a</sup> -> CUNY, Hunter C.",All institutions<sup>a</sup>,"CUNY, Hunter C.",2,258,632,585,0,47,404,138,93,0,45,122,494,492,0,2
8279,r260,All institutions<sup>a</sup> -> Tarleton State U.,All institutions<sup>a</sup>,Tarleton State U.,2,259,628,628,0,0,392,148,148,0,0,128,480,480,0,0
8279,r261,"All institutions<sup>a</sup> -> California State U., Fresno",All institutions<sup>a</sup>,"California State U., Fresno",2,260,621,389,88,144,250,411,233,45,133,233,210,156,43,11
8279,r262,All institutions<sup>a</sup> -> Saint Mary's U. Minnesota,All institutions<sup>a</sup>,Saint Mary's U. Minnesota,2,261,616,552,0,64,232,466,423,0,43,282,150,129,0,21
8279,r263,"All institutions<sup>a</sup> -> U. Louisiana, Lafayette",All institutions<sup>a</sup>,"U. Louisiana, Lafayette",2,262,610,373,166,71,220,504,304,136,64,335,106,69,30,7
8279,r264,All institutions<sup>a</sup> -> Lewis U.,All institutions<sup>a</sup>,Lewis U.,2,262,610,540,0,70,260,382,314,0,68,223,228,226,0,2
8279,r265,"All institutions<sup>a</sup> -> U. Puerto Rico, Medical Sciences Campus",All institutions<sup>a</sup>,"U. Puerto Rico, Medical Sciences Campus",2,264,608,178,0,430,209,541,161,0,380,402,67,17,0,50
8279,r266,All institutions<sup>a</sup> -> Rivier U.,All institutions<sup>a</sup>,Rivier U.,2,265,601,152,0,449,408,135,130,0,5,131,466,22,0,444
8279,r267,All institutions<sup>a</sup> -> Western Illinois U.,All institutions<sup>a</sup>,Western Illinois U.,2,266,599,545,0,54,223,495,444,0,51,338,104,101,0,3
8279,r268,All institutions<sup>a</sup> -> Middle Tennessee State U.,All institutions<sup>a</sup>,Middle Tennessee State U.,2,266,599,549,0,50,663,0,0,0,0,97,599,549,0,50
8279,r269,All institutions<sup>a</sup> -> Fordham U.,All institutions<sup>a</sup>,Fordham U.,2,268,598,598,0,0,242,432,432,0,0,269,166,166,0,0
8279,r270,All institutions<sup>a</sup> -> Baylor C. of Medicine,All institutions<sup>a</sup>,Baylor C. of Medicine,2,269,596,580,0,16,203,596,580,0,16,627,0,0,0,0
8279,r271,All institutions<sup>a</sup> -> U. South Dakota,All institutions<sup>a</sup>,U. South Dakota,2,270,583,317,18,248,254,395,242,15,138,253,188,75,3,110
8279,r272,"All institutions<sup>a</sup> -> CUNY, Queens C.",All institutions<sup>a</sup>,"CUNY, Queens C.",2,271,575,499,0,76,293,305,249,0,56,190,270,250,0,20
8279,r273,All institutions<sup>a</sup> -> Idaho State U.,All institutions<sup>a</sup>,Idaho State U.,2,272,569,270,97,202,282,335,185,50,100,219,234,85,47,102
8279,r274,All institutions<sup>a</sup> -> Central Michigan U.,All institutions<sup>a</sup>,Central Michigan U.,2,273,554,426,14,114,264,369,255,5,109,255,185,171,9,5
8279,r275,"All institutions<sup>a</sup> -> U. Nebraska, Medical Center",All institutions<sup>a</sup>,"U. Nebraska, Medical Center",2,274,548,429,0,119,296,298,238,0,60,201,250,191,0,59
8279,r276,All institutions<sup>a</sup> -> North Carolina Agricultural and Technical State U.,All institutions<sup>a</sup>,North Carolina Agricultural and Technical State U.,2,275,547,219,328,0,267,364,156,208,0,256,183,63,120,0
8279,r277,All institutions<sup>a</sup> -> Wake Forest U.,All institutions<sup>a</sup>,Wake Forest U.,2,276,546,383,74,89,227,488,376,73,39,419,58,7,1,50
8279,r278,All institutions<sup>a</sup> -> Palo Alto U.,All institutions<sup>a</sup>,Palo Alto U.,2,277,541,541,0,0,237,451,451,0,0,362,90,90,0,0
8279,r279,All institutions<sup>a</sup> -> West Chester U. Pennsylvania,All institutions<sup>a</sup>,West Chester U. Pennsylvania,2,278,533,299,0,234,305,285,124,0,161,204,248,175,0,73
8279,r280,All institutions<sup>a</sup> -> U. Texas Southwestern Medical Center,All institutions<sup>a</sup>,U. Texas Southwestern Medical Center,2,279,531,453,62,16,214,521,452,62,7,565,10,1,0,9
8279,r281,All institutions<sup>a</sup> -> St. Cloud State U.,All institutions<sup>a</sup>,St. Cloud State U.,2,280,530,325,114,91,309,281,181,36,64,202,249,144,78,27
8279,r282,All institutions<sup>a</sup> -> Seton Hall U.,All institutions<sup>a</sup>,Seton Hall U.,2,281,528,334,0,194,300,290,193,0,97,216,238,141,0,97
8279,r283,All institutions<sup>a</sup> -> Adelphi U.,All institutions<sup>a</sup>,Adelphi U.,2,282,527,305,0,222,252,398,218,0,180,311,129,87,0,42
8279,r284,"All institutions<sup>a</sup> -> U. Texas, Tyler<sup>b</sup>",All institutions<sup>a</sup>,"U. Texas, Tyler<sup>b</sup>",2,283,523,291,45,187,297,292,187,36,69,221,231,104,9,118
8279,r285,"All institutions<sup>a</sup> -> California State U., San Bernardino",All institutions<sup>a</sup>,"California State U., San Bernardino",2,284,518,482,0,36,239,446,411,0,35,394,72,71,0,1
8279,r286,"All institutions<sup>a</sup> -> U. Alaska, Fairbanks",All institutions<sup>a</sup>,"U. Alaska, Fairbanks",2,285,513,448,65,0,348,213,183,30,0,177,300,265,35,0
8279,r287,"All institutions<sup>a</sup> -> St. John's U., Queens",All institutions<sup>a</sup>,"St. John's U., Queens",2,286,510,330,0,180,268,358,242,0,116,280,152,88,0,64
8279,r288,All institutions<sup>a</sup> -> Massachusetts C. of Pharmacy and Health Sciences,All institutions<sup>a</sup>,Massachusetts C. of Pharmacy and Health Sciences,2,287,506,23,0,483,376,176,23,0,153,167,330,0,0,330
8279,r289,All institutions<sup>a</sup> -> Marshall U.,All institutions<sup>a</sup>,Marshall U.,2,288,505,369,24,112,264,369,250,15,104,299,136,119,9,8
8279,r290,All institutions<sup>a</sup> -> U. New England,All institutions<sup>a</sup>,U. New England,2,288,505,205,0,300,285,329,124,0,205,266,176,81,0,95
8279,r291,All institutions<sup>a</sup> -> Marymount U.,All institutions<sup>a</sup>,Marymount U.,2,290,504,485,0,19,309,281,269,0,12,227,223,216,0,7
8279,r292,All institutions<sup>a</sup> -> Illinois State U.,All institutions<sup>a</sup>,Illinois State U.,2,291,503,421,0,82,248,417,346,0,71,368,86,75,0,11
8279,r293,All institutions<sup>a</sup> -> Loma Linda U.,All institutions<sup>a</sup>,Loma Linda U.,2,292,497,206,0,291,273,351,161,0,190,288,146,45,0,101
8279,r294,"All institutions<sup>a</sup> -> California State U., East Bay",All institutions<sup>a</sup>,"California State U., East Bay",2,293,490,411,0,79,261,377,301,0,76,326,113,110,0,3
8279,r295,All institutions<sup>a</sup> -> U. South Alabama,All institutions<sup>a</sup>,U. South Alabama,2,294,489,329,101,59,247,422,287,77,58,402,67,42,24,1
8279,r296,All institutions<sup>a</sup> -> A. T. Still U.,All institutions<sup>a</sup>,A. T. Still U.,2,295,472,18,0,454,301,289,13,0,276,256,183,5,0,178
8279,r297,All institutions<sup>a</sup> -> New York Institute of Technology,All institutions<sup>a</sup>,New York Institute of Technology,2,296,468,327,116,25,289,326,243,58,25,294,142,84,58,0
8279,r298,"All institutions<sup>a</sup> -> California Polytechnic State U., San Luis Obispo",All institutions<sup>a</sup>,"California Polytechnic State U., San Luis Obispo",2,297,466,237,229,0,285,329,144,185,0,298,137,93,44,0
8279,r299,"All institutions<sup>a</sup> -> U. North Carolina, Wilmington",All institutions<sup>a</sup>,"U. North Carolina, Wilmington",2,298,454,454,0,0,270,356,356,0,0,348,98,98,0,0
8279,r300,All institutions<sup>a</sup> -> U. Arkansas for Medical Sciences,All institutions<sup>a</sup>,U. Arkansas for Medical Sciences,2,299,453,133,0,320,351,209,100,0,109,208,244,33,0,211
8279,r301,All institutions<sup>a</sup> -> Angelo State U.,All institutions<sup>a</sup>,Angelo State U.,2,300,451,397,0,54,372,183,166,0,17,191,268,231,0,37
8279,r302,All institutions<sup>a</sup> -> Eastern Michigan U.,All institutions<sup>a</sup>,Eastern Michigan U.,2,301,447,325,0,122,355,205,133,0,72,211,242,192,0,50
8279,r303,All institutions<sup>a</sup> -> Southeast Missouri State U.,All institutions<sup>a</sup>,Southeast Missouri State U.,2,302,445,405,0,40,279,340,310,0,30,336,105,95,0,10
8279,r304,"All institutions<sup>a</sup> -> SUNY, Downstate Medical Center",All institutions<sup>a</sup>,"SUNY, Downstate Medical Center",2,302,445,63,8,374,347,214,56,7,151,221,231,7,1,223
8279,r305,"All institutions<sup>a</sup> -> U. Texas Health Science Center, San Antonio",All institutions<sup>a</sup>,"U. Texas Health Science Center, San Antonio",2,304,441,252,21,168,277,343,247,3,93,348,98,5,18,75
8279,r306,All institutions<sup>a</sup> -> Pontifical Catholic U. Puerto Rico,All institutions<sup>a</sup>,Pontifical Catholic U. Puerto Rico,2,304,441,441,0,0,367,187,187,0,0,200,254,254,0,0
8279,r307,All institutions<sup>a</sup> -> Embry-Riddle Aeronautical U.,All institutions<sup>a</sup>,Embry-Riddle Aeronautical U.,2,306,434,116,318,0,258,394,103,291,0,459,40,13,27,0
8279,r308,All institutions<sup>a</sup> -> William and Mary,All institutions<sup>a</sup>,William and Mary,2,307,431,431,0,0,258,394,394,0,0,475,37,37,0,0
8279,r309,All institutions<sup>a</sup> -> Southern U. and A&M C.,All institutions<sup>a</sup>,Southern U. and A&M C.,2,308,429,357,17,55,307,283,223,11,49,288,146,134,6,6
8279,r310,All institutions<sup>a</sup> -> Hofstra U.,All institutions<sup>a</sup>,Hofstra U.,2,309,425,229,0,196,278,341,190,0,151,372,84,39,0,45
8279,r311,All institutions<sup>a</sup> -> Nova Southeastern U.,All institutions<sup>a</sup>,Nova Southeastern U.,2,310,424,424,0,0,350,210,210,0,0,229,214,214,0,0
8279,r312,All institutions<sup>a</sup> -> Tennessee State U.,All institutions<sup>a</sup>,Tennessee State U.,2,311,412,244,58,110,326,246,151,34,61,269,166,93,24,49
8279,r313,"All institutions<sup>a</sup> -> CUNY, John Jay C. of Criminal Justice",All institutions<sup>a</sup>,"CUNY, John Jay C. of Criminal Justice",2,312,408,408,0,0,377,175,175,0,0,220,233,233,0,0
8279,r314,All institutions<sup>a</sup> -> North Carolina Central U.,All institutions<sup>a</sup>,North Carolina Central U.,2,313,407,292,0,115,313,277,165,0,112,310,130,127,0,3
8279,r315,All institutions<sup>a</sup> -> Governors State U.,All institutions<sup>a</sup>,Governors State U.,2,313,407,292,0,115,319,261,190,0,71,288,146,102,0,44
8279,r316,All institutions<sup>a</sup> -> Touro C.,All institutions<sup>a</sup>,Touro C.,2,315,406,304,0,102,284,331,230,0,101,389,75,74,0,1
8279,r317,All institutions<sup>a</sup> -> Clarkson U.,All institutions<sup>a</sup>,Clarkson U.,2,316,404,135,269,0,311,280,110,170,0,316,124,25,99,0
8279,r318,All institutions<sup>a</sup> -> Eastern Washington U.,All institutions<sup>a</sup>,Eastern Washington U.,2,317,402,273,0,129,285,329,219,0,110,393,73,54,0,19
8279,r319,All institutions<sup>a</sup> -> Thomas Jefferson U.,All institutions<sup>a</sup>,Thomas Jefferson U.,2,318,400,283,7,110,354,206,162,5,39,248,194,121,2,71
8279,r320,"All institutions<sup>a</sup> -> U. Missouri, Saint Louis",All institutions<sup>a</sup>,"U. Missouri, Saint Louis",2,318,400,374,0,26,360,201,195,0,6,243,199,179,0,20
8279,r321,All institutions<sup>a</sup> -> Morgan State U.,All institutions<sup>a</sup>,Morgan State U.,2,320,399,138,137,124,271,353,128,113,112,448,46,10,24,12
8279,r322,All institutions<sup>a</sup> -> Appalachian State U.,All institutions<sup>a</sup>,Appalachian State U.,2,321,396,282,0,114,281,337,224,0,113,416,59,58,0,1
8279,r323,All institutions<sup>a</sup> -> Simmons U.,All institutions<sup>a</sup>,Simmons U.,2,322,395,332,0,63,567,34,34,0,0,157,361,298,0,63
8279,r324,"All institutions<sup>a</sup> -> CUNY, Brooklyn C.",All institutions<sup>a</sup>,"CUNY, Brooklyn C.",2,323,392,286,0,106,424,116,51,0,65,188,276,235,0,41
8279,r325,All institutions<sup>a</sup> -> Clark U.,All institutions<sup>a</sup>,Clark U.,2,324,389,389,0,0,280,339,339,0,0,440,50,50,0,0
8279,r326,All institutions<sup>a</sup> -> Southern Connecticut State U.,All institutions<sup>a</sup>,Southern Connecticut State U.,2,325,387,179,12,196,332,238,88,4,146,285,149,91,8,50
8279,r327,"All institutions<sup>a</sup> -> U. Louisiana, Monroe",All institutions<sup>a</sup>,"U. Louisiana, Monroe",2,326,386,253,0,133,327,245,133,0,112,295,141,120,0,21
8279,r328,All institutions<sup>a</sup> -> Dakota State U.,All institutions<sup>a</sup>,Dakota State U.,2,326,386,368,0,18,330,241,230,0,11,292,145,138,0,7
8279,r329,"All institutions<sup>a</sup> -> Keiser U., Fort Lauderdale",All institutions<sup>a</sup>,"Keiser U., Fort Lauderdale",2,328,384,384,0,0,312,279,279,0,0,336,105,105,0,0
8279,r330,All institutions<sup>a</sup> -> Oregon Health and Science U.,All institutions<sup>a</sup>,Oregon Health and Science U.,2,329,382,242,77,63,285,329,227,73,29,431,53,15,4,34
8279,r331,All institutions<sup>a</sup> -> U. Tulsa,All institutions<sup>a</sup>,U. Tulsa,2,330,380,216,122,42,263,371,207,122,42,571,9,9,0,0
8279,r332,All institutions<sup>a</sup> -> Texas A&M U.-Corpus Christi,All institutions<sup>a</sup>,Texas A&M U.-Corpus Christi,2,330,380,319,18,43,304,286,266,10,10,354,94,53,8,33
8279,r333,All institutions<sup>a</sup> -> Western Kentucky U.,All institutions<sup>a</sup>,Western Kentucky U.,2,330,380,165,0,215,321,260,92,0,168,320,120,73,0,47
8279,r334,"All institutions<sup>a</sup> -> SUNY, C. of Environmental Science and Forestry",All institutions<sup>a</sup>,"SUNY, C. of Environmental Science and Forestry",2,333,377,323,54,0,363,196,177,19,0,261,181,146,35,0
8279,r335,All institutions<sup>a</sup> -> U. Central Oklahoma,All institutions<sup>a</sup>,U. Central Oklahoma,2,334,366,259,18,89,338,231,163,9,59,300,135,96,9,30
8279,r336,All institutions<sup>a</sup> -> U. New Orleans,All institutions<sup>a</sup>,U. New Orleans,2,334,366,247,119,0,355,205,139,66,0,274,161,108,53,0
8279,r337,All institutions<sup>a</sup> -> Uniformed Services U. of the Health Sciences,All institutions<sup>a</sup>,Uniformed Services U. of the Health Sciences,2,336,361,117,0,244,272,352,117,0,235,571,9,0,0,9
8279,r338,All institutions<sup>a</sup> -> Eastern Kentucky U.,All institutions<sup>a</sup>,Eastern Kentucky U.,2,337,358,278,0,80,397,146,79,0,67,231,212,199,0,13
8279,r339,All institutions<sup>a</sup> -> Central Washington U.,All institutions<sup>a</sup>,Central Washington U.,2,338,355,301,16,38,328,242,212,0,30,326,113,89,16,8
8279,r340,"All institutions<sup>a</sup> -> Mayo Clinic, Mayo Graduate School",All institutions<sup>a</sup>,"Mayo Clinic, Mayo Graduate School",2,339,351,299,46,6,317,272,229,43,0,382,79,70,3,6
8279,r341,"All institutions<sup>a</sup> -> U. Massachusetts, Medical School",All institutions<sup>a</sup>,"U. Massachusetts, Medical School",2,340,350,350,0,0,274,350,350,0,0,627,0,0,0,0
8279,r342,All institutions<sup>a</sup> -> Roosevelt U.,All institutions<sup>a</sup>,Roosevelt U.,2,340,350,348,0,2,328,242,241,0,1,334,108,107,0,1
8279,r343,All institutions<sup>a</sup> -> Lake Erie C. of Osteopathic Medicine,All institutions<sup>a</sup>,Lake Erie C. of Osteopathic Medicine,2,342,349,349,0,0,275,349,349,0,0,627,0,0,0,0
8279,r344,All institutions<sup>a</sup> -> U. North Florida,All institutions<sup>a</sup>,U. North Florida,2,343,347,205,39,103,353,207,115,19,73,296,140,90,20,30
8279,r345,All institutions<sup>a</sup> -> Albert Einstein C. of Medicine,All institutions<sup>a</sup>,Albert Einstein C. of Medicine,2,344,345,294,0,51,276,345,294,0,51,627,0,0,0,0
8279,r346,"All institutions<sup>a</sup> -> California State U., Chico",All institutions<sup>a</sup>,"California State U., Chico",2,345,344,260,0,84,341,223,145,0,78,319,121,115,0,6
8279,r347,All institutions<sup>a</sup> -> Sage Colleges,All institutions<sup>a</sup>,Sage Colleges,2,345,344,342,0,2,504,61,61,0,0,186,283,281,0,2
8279,r348,All institutions<sup>a</sup> -> Murray State U.,All institutions<sup>a</sup>,Murray State U.,2,347,341,286,0,55,399,143,88,0,55,246,198,198,0,0
8279,r349,All institutions<sup>a</sup> -> Western Washington U.,All institutions<sup>a</sup>,Western Washington U.,2,348,334,275,0,59,322,256,206,0,50,385,78,69,0,9
8279,r350,All institutions<sup>a</sup> -> Seattle U.,All institutions<sup>a</sup>,Seattle U.,2,349,332,312,20,0,379,168,166,2,0,271,164,146,18,0
8279,r351,All institutions<sup>a</sup> -> Medical C. Wisconsin,All institutions<sup>a</sup>,Medical C. Wisconsin,2,350,330,212,39,79,314,276,209,38,29,427,54,3,1,50
8279,r352,All institutions<sup>a</sup> -> Philadelphia C. of Osteopathic Medicine,All institutions<sup>a</sup>,Philadelphia C. of Osteopathic Medicine,2,351,329,329,0,0,297,292,292,0,0,475,37,37,0,0
8279,r353,All institutions<sup>a</sup> -> U. Hartford,All institutions<sup>a</sup>,U. Hartford,2,352,327,260,67,0,427,112,83,29,0,228,215,177,38,0
8279,r354,All institutions<sup>a</sup> -> Columbus State U.,All institutions<sup>a</sup>,Columbus State U.,2,353,326,318,0,8,406,137,130,0,7,251,189,188,0,1
8279,r355,All institutions<sup>a</sup> -> New York Medical C.,All institutions<sup>a</sup>,New York Medical C.,2,354,321,194,0,127,331,240,141,0,99,378,81,53,0,28
8279,r356,All institutions<sup>a</sup> -> Fairleigh Dickinson U.,All institutions<sup>a</sup>,Fairleigh Dickinson U.,2,354,321,278,9,34,333,237,210,8,19,372,84,68,1,15
8279,r357,All institutions<sup>a</sup> -> South Dakota School of Mines and Technology,All institutions<sup>a</sup>,South Dakota School of Mines and Technology,2,354,321,62,259,0,333,237,46,191,0,372,84,16,68,0
8279,r358,All institutions<sup>a</sup> -> Polytechnic U. Puerto Rico,All institutions<sup>a</sup>,Polytechnic U. Puerto Rico,2,354,321,51,270,0,378,173,27,146,0,286,148,24,124,0
8279,r359,All institutions<sup>a</sup> -> Chapman U.,All institutions<sup>a</sup>,Chapman U.,2,358,320,184,0,136,342,222,92,0,130,348,98,92,0,6
8279,r360,All institutions<sup>a</sup> -> Indiana U. Pennsylvania,All institutions<sup>a</sup>,Indiana U. Pennsylvania,2,358,320,247,0,73,368,186,124,0,62,302,134,123,0,11
8279,r361,All institutions<sup>a</sup> -> Louisiana Tech U.,All institutions<sup>a</sup>,Louisiana Tech U.,2,360,319,172,102,45,324,253,131,78,44,404,66,41,24,1
8279,r362,All institutions<sup>a</sup> -> Yeshiva U.,All institutions<sup>a</sup>,Yeshiva U.,2,361,316,224,0,92,340,224,132,0,92,357,92,92,0,0
8279,r363,All institutions<sup>a</sup> -> Tennessee Technological U.,All institutions<sup>a</sup>,Tennessee Technological U.,2,361,316,121,195,0,467,80,45,35,0,217,236,76,160,0
8279,r364,All institutions<sup>a</sup> -> Arkansas State U.,All institutions<sup>a</sup>,Arkansas State U.,2,363,315,239,8,68,343,220,158,1,61,353,95,81,7,7
8279,r365,"All institutions<sup>a</sup> -> U. Tennessee, Health Science Center",All institutions<sup>a</sup>,"U. Tennessee, Health Science Center",2,364,314,188,5,121,292,307,181,5,121,582,7,7,0,0
8279,r366,All institutions<sup>a</sup> -> New Mexico Institute of Mining and Technology,All institutions<sup>a</sup>,New Mexico Institute of Mining and Technology,2,364,314,145,169,0,343,220,118,102,0,354,94,27,67,0
8279,r367,All institutions<sup>a</sup> -> Southern Arkansas U.,All institutions<sup>a</sup>,Southern Arkansas U.,2,366,311,311,0,0,374,180,180,0,0,309,131,131,0,0
8279,r368,All institutions<sup>a</sup> -> Catholic U. of America,All institutions<sup>a</sup>,Catholic U. of America,2,367,310,190,120,0,363,196,106,90,0,324,114,84,30,0
8279,r369,All institutions<sup>a</sup> -> Eastern Illinois U.,All institutions<sup>a</sup>,Eastern Illinois U.,2,368,309,207,0,102,361,197,112,0,85,329,112,95,0,17
8279,r370,All institutions<sup>a</sup> -> Scripps Research Institute,All institutions<sup>a</sup>,Scripps Research Institute,2,369,308,308,0,0,291,308,308,0,0,627,0,0,0,0
8279,r371,All institutions<sup>a</sup> -> Florida A&M U.,All institutions<sup>a</sup>,Florida A&M U.,2,370,307,207,69,31,325,250,161,63,26,422,57,46,6,5
8279,r372,"All institutions<sup>a</sup> -> Inter American U. Puerto Rico, Metro",All institutions<sup>a</sup>,"Inter American U. Puerto Rico, Metro",2,371,306,306,0,0,358,203,203,0,0,339,103,103,0,0
8279,r373,All institutions<sup>a</sup> -> Augusta U.,All institutions<sup>a</sup>,Augusta U.,2,372,305,213,0,92,345,217,161,0,56,366,88,52,0,36
8279,r374,"All institutions<sup>a</sup> -> Minnesota State U., Mankato",All institutions<sup>a</sup>,"Minnesota State U., Mankato",2,372,305,196,23,86,373,182,98,10,74,317,123,98,13,12
8279,r375,All institutions<sup>a</sup> -> Keck Graduate Institute,All institutions<sup>a</sup>,Keck Graduate Institute,2,374,304,260,44,0,295,304,260,44,0,627,0,0,0,0
8279,r376,All institutions<sup>a</sup> -> Jacksonville U.,All institutions<sup>a</sup>,Jacksonville U.,2,375,303,97,0,206,346,215,25,0,190,366,88,72,0,16
8279,r377,All institutions<sup>a</sup> -> Benedictine U.,All institutions<sup>a</sup>,Benedictine U.,2,376,300,92,0,208,435,108,71,0,37,250,192,21,0,171
8279,r378,All institutions<sup>a</sup> -> U. of Saint Joseph,All institutions<sup>a</sup>,U. of Saint Joseph,2,376,300,281,0,19,480,74,72,0,2,225,226,209,0,17
8279,r379,All institutions<sup>a</sup> -> U. Wisconsin-Platteville,All institutions<sup>a</sup>,U. Wisconsin-Platteville,2,378,298,163,135,0,650,5,5,0,0,179,293,158,135,0
8279,r380,All institutions<sup>a</sup> -> Midwestern U.,All institutions<sup>a</sup>,Midwestern U.,2,379,297,297,0,0,316,273,273,0,0,507,24,24,0,0
8279,r381,All institutions<sup>a</sup> -> James Madison U.,All institutions<sup>a</sup>,James Madison U.,2,380,296,189,0,107,375,177,118,0,59,322,119,71,0,48
8279,r382,All institutions<sup>a</sup> -> Kean U.,All institutions<sup>a</sup>,Kean U.,2,381,295,252,0,43,361,197,186,0,11,348,98,66,0,32
8279,r383,"All institutions<sup>a</sup> -> U. Nebraska, Kearney",All institutions<sup>a</sup>,"U. Nebraska, Kearney",2,382,290,223,0,67,463,83,29,0,54,235,207,194,0,13
8279,r384,All institutions<sup>a</sup> -> Icahn School of Medicine at Mt. Sinai,All institutions<sup>a</sup>,Icahn School of Medicine at Mt. Sinai,2,383,288,288,0,0,302,288,288,0,0,627,0,0,0,0
8279,r385,"All institutions<sup>a</sup> -> U. Tennessee, Chattanooga",All institutions<sup>a</sup>,"U. Tennessee, Chattanooga",2,384,287,198,50,39,366,188,137,24,27,347,99,61,26,12
8279,r386,All institutions<sup>a</sup> -> Mercer U.,All institutions<sup>a</sup>,Mercer U.,2,385,286,55,65,166,338,231,55,35,141,424,55,0,30,25
8279,r387,All institutions<sup>a</sup> -> Rockefeller U.,All institutions<sup>a</sup>,Rockefeller U.,2,386,284,284,0,0,306,284,284,0,0,627,0,0,0,0
8279,r388,All institutions<sup>a</sup> -> Humboldt State U.,All institutions<sup>a</sup>,Humboldt State U.,2,387,278,243,0,35,348,213,184,0,29,408,65,59,0,6
8279,r389,All institutions<sup>a</sup> -> Emporia State U.,All institutions<sup>a</sup>,Emporia State U.,2,388,277,277,0,0,448,94,94,0,0,256,183,183,0,0
8279,r390,All institutions<sup>a</sup> -> Gannon U.,All institutions<sup>a</sup>,Gannon U.,2,389,276,199,77,0,323,254,184,70,0,515,22,15,7,0
8279,r391,All institutions<sup>a</sup> -> Northeastern State U.,All institutions<sup>a</sup>,Northeastern State U.,2,390,269,174,0,95,370,184,102,0,82,371,85,72,0,13
8279,r392,All institutions<sup>a</sup> -> Indiana State U.,All institutions<sup>a</sup>,Indiana State U.,2,390,269,209,0,60,386,155,97,0,58,324,114,112,0,2
8279,r393,All institutions<sup>a</sup> -> Andrews U.,All institutions<sup>a</sup>,Andrews U.,2,392,268,67,0,201,365,194,62,0,132,390,74,5,0,69
8279,r394,All institutions<sup>a</sup> -> Lawrence Technological U.,All institutions<sup>a</sup>,Lawrence Technological U.,2,392,268,72,196,0,500,63,11,52,0,238,205,61,144,0
8279,r395,All institutions<sup>a</sup> -> U. Northern Iowa,All institutions<sup>a</sup>,U. Northern Iowa,2,394,267,158,0,109,368,186,79,0,107,378,81,79,0,2
8279,r396,All institutions<sup>a</sup> -> Central Connecticut State U.,All institutions<sup>a</sup>,Central Connecticut State U.,2,394,267,241,26,0,485,71,66,5,0,247,196,175,21,0
8279,r397,All institutions<sup>a</sup> -> Duquesne U.,All institutions<sup>a</sup>,Duquesne U.,2,396,266,154,0,112,335,232,131,0,101,483,34,23,0,11
8279,r398,All institutions<sup>a</sup> -> U. Baltimore,All institutions<sup>a</sup>,U. Baltimore,2,396,266,266,0,0,459,87,87,0,0,262,179,179,0,0
8279,r399,"All institutions<sup>a</sup> -> SUNY, Polytechnic Institute",All institutions<sup>a</sup>,"SUNY, Polytechnic Institute",2,398,265,179,78,8,410,133,90,43,0,306,132,89,35,8
8279,r400,All institutions<sup>a</sup> -> U. Wisconsin-La Crosse,All institutions<sup>a</sup>,U. Wisconsin-La Crosse,2,399,261,219,25,17,460,84,56,14,14,264,177,163,11,3
8279,r401,"All institutions<sup>a</sup> -> CUNY, Lehman C.",All institutions<sup>a</sup>,"CUNY, Lehman C.",2,400,260,94,0,166,509,59,14,0,45,240,201,80,0,121
8279,r402,All institutions<sup>a</sup> -> New Jersey City U.,All institutions<sup>a</sup>,New Jersey City U.,2,401,258,131,0,127,477,75,53,0,22,256,183,78,0,105
8279,r403,All institutions<sup>a</sup> -> Austin Peay State U.,All institutions<sup>a</sup>,Austin Peay State U.,2,402,257,257,0,0,471,78,78,0,0,262,179,179,0,0
8279,r404,All institutions<sup>a</sup> -> Medical U. South Carolina,All institutions<sup>a</sup>,Medical U. South Carolina,2,403,256,174,0,82,352,208,170,0,38,443,48,4,0,44
8279,r405,All institutions<sup>a</sup> -> Mississippi C.,All institutions<sup>a</sup>,Mississippi C.,2,404,252,249,3,0,359,202,202,0,0,440,50,47,3,0
8279,r406,All institutions<sup>a</sup> -> U. Texas Medical Branch,All institutions<sup>a</sup>,U. Texas Medical Branch,2,404,252,185,0,67,390,151,115,0,36,344,101,70,0,31
8279,r407,All institutions<sup>a</sup> -> Eastern New Mexico U.,All institutions<sup>a</sup>,Eastern New Mexico U.,2,406,243,79,0,164,399,143,40,0,103,345,100,39,0,61
8279,r408,All institutions<sup>a</sup> -> Eastern Virginia Medical School,All institutions<sup>a</sup>,Eastern Virginia Medical School,2,406,243,0,0,243,403,140,0,0,140,339,103,0,0,103
8279,r409,All institutions<sup>a</sup> -> Quinnipiac U.,All institutions<sup>a</sup>,Quinnipiac U.,2,408,238,238,0,0,397,146,146,0,0,357,92,92,0,0
8279,r410,All institutions<sup>a</sup> -> Texas Christian U.,All institutions<sup>a</sup>,Texas Christian U.,2,409,237,171,0,66,335,232,169,0,63,593,5,2,0,3
8279,r411,All institutions<sup>a</sup> -> U. West Georgia,All institutions<sup>a</sup>,U. West Georgia,2,409,237,167,0,70,422,117,82,0,35,320,120,85,0,35
8279,r412,"All institutions<sup>a</sup> -> Touro U., Vallejo",All institutions<sup>a</sup>,"Touro U., Vallejo",2,411,236,0,0,236,335,232,0,0,232,597,4,0,0,4
8279,r413,All institutions<sup>a</sup> -> U. Indianapolis,All institutions<sup>a</sup>,U. Indianapolis,2,411,236,106,0,130,450,92,61,0,31,293,144,45,0,99
8279,r414,All institutions<sup>a</sup> -> Kansas City U. of Medicine and Biosciences,All institutions<sup>a</sup>,Kansas City U. of Medicine and Biosciences,2,413,234,158,0,76,388,153,153,0,0,378,81,5,0,76
8279,r415,All institutions<sup>a</sup> -> Prairie View A&M U.,All institutions<sup>a</sup>,Prairie View A&M U.,2,414,233,116,117,0,395,147,79,68,0,368,86,37,49,0
8279,r416,All institutions<sup>a</sup> -> U. Wisconsin-Eau Claire,All institutions<sup>a</sup>,U. Wisconsin-Eau Claire,2,415,230,126,0,104,487,69,22,0,47,274,161,104,0,57
8279,r417,"All institutions<sup>a</sup> -> Loyola U., Maryland",All institutions<sup>a</sup>,"Loyola U., Maryland",2,416,225,121,0,104,380,166,62,0,104,416,59,59,0,0
8279,r418,All institutions<sup>a</sup> -> U. Central Arkansas,All institutions<sup>a</sup>,U. Central Arkansas,2,417,218,107,0,111,395,147,58,0,89,397,71,49,0,22
8279,r419,All institutions<sup>a</sup> -> U. La Verne,All institutions<sup>a</sup>,U. La Verne,2,417,218,218,0,0,434,109,109,0,0,332,109,109,0,0
8279,r420,All institutions<sup>a</sup> -> Citadel Military C. South Carolina,All institutions<sup>a</sup>,Citadel Military C. South Carolina,2,417,218,167,23,28,491,68,54,1,13,282,150,113,22,15
8279,r421,All institutions<sup>a</sup> -> Hood C.,All institutions<sup>a</sup>,Hood C.,2,420,216,216,0,0,499,65,65,0,0,281,151,151,0,0
8279,r422,All institutions<sup>a</sup> -> C. of Saint Rose,All institutions<sup>a</sup>,C. of Saint Rose,2,421,215,112,0,103,382,162,67,0,95,431,53,45,0,8
8279,r423,All institutions<sup>a</sup> -> Southeastern Louisiana U.,All institutions<sup>a</sup>,Southeastern Louisiana U.,2,421,215,106,0,109,382,162,71,0,91,431,53,35,0,18
8279,r424,All institutions<sup>a</sup> -> West Texas A&M U.,All institutions<sup>a</sup>,West Texas A&M U.,2,423,213,108,43,62,429,111,52,9,50,342,102,56,34,12
8279,r425,All institutions<sup>a</sup> -> Chicago State U.,All institutions<sup>a</sup>,Chicago State U.,2,424,211,200,0,11,435,108,100,0,8,339,103,100,0,3
8279,r426,All institutions<sup>a</sup> -> Saint Joseph's U.,All institutions<sup>a</sup>,Saint Joseph's U.,2,425,210,206,0,4,506,60,59,0,1,282,150,147,0,3
8279,r427,"All institutions<sup>a</sup> -> U. Michigan, Flint",All institutions<sup>a</sup>,"U. Michigan, Flint",2,426,209,82,0,127,421,119,19,0,100,362,90,63,0,27
8279,r428,All institutions<sup>a</sup> -> U. of the District of Columbia,All institutions<sup>a</sup>,U. of the District of Columbia,2,427,206,160,18,28,391,149,106,15,28,422,57,54,3,0
8279,r429,All institutions<sup>a</sup> -> U. Dallas,All institutions<sup>a</sup>,U. Dallas,2,427,206,206,0,0,482,73,73,0,0,304,133,133,0,0
8279,r430,All institutions<sup>a</sup> -> Meharry Medical C.,All institutions<sup>a</sup>,Meharry Medical C.,2,429,205,159,0,46,357,204,158,0,46,618,1,1,0,0
8279,r431,All institutions<sup>a</sup> -> Midwestern State U.,All institutions<sup>a</sup>,Midwestern State U.,2,429,205,205,0,0,426,114,114,0,0,360,91,91,0,0
8279,r432,All institutions<sup>a</sup> -> Loyola Marymount U.,All institutions<sup>a</sup>,Loyola Marymount U.,2,431,204,91,100,13,380,166,83,72,11,470,38,8,28,2
8279,r433,"All institutions<sup>a</sup> -> California State U., San Marcos",All institutions<sup>a</sup>,"California State U., San Marcos",2,432,203,190,0,13,451,91,78,0,13,329,112,112,0,0
8279,r434,All institutions<sup>a</sup> -> Montana Tech of U. Montana,All institutions<sup>a</sup>,Montana Tech of U. Montana,2,433,202,45,58,99,487,69,28,31,10,304,133,17,27,89
8279,r435,All institutions<sup>a</sup> -> Northern Kentucky U.,All institutions<sup>a</sup>,Northern Kentucky U.,2,434,201,98,0,103,496,66,39,0,27,300,135,59,0,76
8279,r436,All institutions<sup>a</sup> -> William Paterson U.,All institutions<sup>a</sup>,William Paterson U.,2,435,197,100,0,97,414,127,49,0,78,399,70,51,0,19
8279,r437,All institutions<sup>a</sup> -> U. Wisconsin-Stout,All institutions<sup>a</sup>,U. Wisconsin-Stout,2,435,197,144,53,0,483,72,62,10,0,315,125,82,43,0
8279,r438,All institutions<sup>a</sup> -> McNeese State U.,All institutions<sup>a</sup>,McNeese State U.,2,437,196,145,14,37,399,143,104,11,28,431,53,41,3,9
8279,r439,All institutions<sup>a</sup> -> U. Detroit Mercy,All institutions<sup>a</sup>,U. Detroit Mercy,2,437,196,50,121,25,430,110,33,52,25,368,86,17,69,0
8279,r440,All institutions<sup>a</sup> -> U. North Alabama,All institutions<sup>a</sup>,U. North Alabama,2,439,187,151,26,10,510,58,48,2,8,311,129,103,24,2
8279,r441,"All institutions<sup>a</sup> -> U. Alaska, Anchorage",All institutions<sup>a</sup>,"U. Alaska, Anchorage",2,440,185,114,27,44,480,74,59,10,5,331,111,55,17,39
8279,r442,All institutions<sup>a</sup> -> Manhattan C.,All institutions<sup>a</sup>,Manhattan C.,2,441,181,0,181,0,404,138,0,138,0,452,43,0,43,0
8279,r443,All institutions<sup>a</sup> -> Chatham U.,All institutions<sup>a</sup>,Chatham U.,2,442,180,180,0,0,413,128,128,0,0,437,52,52,0,0
8279,r444,All institutions<sup>a</sup> -> C. Charleston,All institutions<sup>a</sup>,C. Charleston,2,443,179,179,0,0,453,90,90,0,0,365,89,89,0,0
8279,r445,All institutions<sup>a</sup> -> Western New England U.,All institutions<sup>a</sup>,Western New England U.,2,444,178,140,38,0,539,44,44,0,0,302,134,96,38,0
8279,r446,All institutions<sup>a</sup> -> Pacific U.,All institutions<sup>a</sup>,Pacific U.,2,445,172,107,0,65,385,157,93,0,64,541,15,14,0,1
8279,r447,All institutions<sup>a</sup> -> Valdosta State U.,All institutions<sup>a</sup>,Valdosta State U.,2,446,171,61,0,110,389,152,42,0,110,528,19,19,0,0
8279,r448,All institutions<sup>a</sup> -> William Carey U.,All institutions<sup>a</sup>,William Carey U.,2,446,171,102,0,69,440,105,72,0,33,404,66,30,0,36
8279,r449,All institutions<sup>a</sup> -> La Salle U.,All institutions<sup>a</sup>,La Salle U.,2,448,169,103,0,66,392,148,82,0,66,520,21,21,0,0
8279,r450,All institutions<sup>a</sup> -> Texas Southern U.,All institutions<sup>a</sup>,Texas Southern U.,2,448,169,154,0,15,419,122,109,0,13,446,47,45,0,2
8279,r451,All institutions<sup>a</sup> -> Norfolk State U.,All institutions<sup>a</sup>,Norfolk State U.,2,450,168,138,30,0,443,99,79,20,0,400,69,59,10,0
8279,r452,All institutions<sup>a</sup> -> Weber State U.,All institutions<sup>a</sup>,Weber State U.,2,451,167,62,10,95,422,117,20,6,91,440,50,42,4,4
8279,r453,All institutions<sup>a</sup> -> Abilene Christian U.,All institutions<sup>a</sup>,Abilene Christian U.,2,452,164,47,0,117,387,154,37,0,117,565,10,10,0,0
8279,r454,All institutions<sup>a</sup> -> Avila U.,All institutions<sup>a</sup>,Avila U.,2,452,164,164,0,0,402,141,141,0,0,511,23,23,0,0
8279,r455,All institutions<sup>a</sup> -> East Stroudsburg U. Pennsylvania,All institutions<sup>a</sup>,East Stroudsburg U. Pennsylvania,2,454,161,25,0,136,430,110,19,0,91,438,51,6,0,45
8279,r456,"All institutions<sup>a</sup> -> California State U., Dominguez Hills",All institutions<sup>a</sup>,"California State U., Dominguez Hills",2,454,161,161,0,0,469,79,79,0,0,376,82,82,0,0
8279,r457,All institutions<sup>a</sup> -> Salem State U.,All institutions<sup>a</sup>,Salem State U.,2,454,161,161,0,0,487,69,69,0,0,357,92,92,0,0
8279,r458,All institutions<sup>a</sup> -> Youngstown State U.,All institutions<sup>a</sup>,Youngstown State U.,2,457,157,88,69,0,406,137,77,60,0,523,20,11,9,0
8279,r459,All institutions<sup>a</sup> -> Stockton U.,All institutions<sup>a</sup>,Stockton U.,2,458,155,91,0,64,442,101,38,0,63,427,54,53,0,1
8279,r460,All institutions<sup>a</sup> -> Fayetteville State U.,All institutions<sup>a</sup>,Fayetteville State U.,2,459,154,133,0,21,457,88,75,0,13,404,66,58,0,8
8279,r461,All institutions<sup>a</sup> -> Fort Hays State U.,All institutions<sup>a</sup>,Fort Hays State U.,2,460,153,119,0,34,425,115,81,0,34,470,38,38,0,0
8279,r462,All institutions<sup>a</sup> -> Morehouse School of Medicine,All institutions<sup>a</sup>,Morehouse School of Medicine,2,461,152,94,0,58,392,148,91,0,57,597,4,3,0,1
8279,r463,All institutions<sup>a</sup> -> Lipscomb U.,All institutions<sup>a</sup>,Lipscomb U.,2,461,152,140,1,11,427,112,102,1,9,459,40,38,0,2
8279,r464,All institutions<sup>a</sup> -> Commonwealth Medical C.,All institutions<sup>a</sup>,Commonwealth Medical C.,2,463,147,147,0,0,435,108,108,0,0,466,39,39,0,0
8279,r465,All institutions<sup>a</sup> -> Western Carolina U.,All institutions<sup>a</sup>,Western Carolina U.,2,464,146,85,0,61,409,134,73,0,61,553,12,12,0,0
8279,r466,All institutions<sup>a</sup> -> Tuskegee U.,All institutions<sup>a</sup>,Tuskegee U.,2,465,144,116,21,7,416,124,98,19,7,523,20,18,2,0
8279,r467,"All institutions<sup>a</sup> -> Texas A&M U., San Antonio",All institutions<sup>a</sup>,"Texas A&M U., San Antonio",2,465,144,133,0,11,539,44,38,0,6,345,100,95,0,5
8279,r468,All institutions<sup>a</sup> -> Arcadia U.,All institutions<sup>a</sup>,Arcadia U.,2,467,141,115,0,26,474,77,55,0,22,409,64,60,0,4
8279,r469,"All institutions<sup>a</sup> -> St. Mary's U., San Antonio",All institutions<sup>a</sup>,"St. Mary's U., San Antonio",2,467,141,91,50,0,486,70,44,26,0,397,71,47,24,0
8279,r470,All institutions<sup>a</sup> -> Worcester State U.,All institutions<sup>a</sup>,Worcester State U.,2,469,140,56,0,84,435,108,51,0,57,490,32,5,0,27
8279,r471,All institutions<sup>a</sup> -> U. Wisconsin-Stevens Point,All institutions<sup>a</sup>,U. Wisconsin-Stevens Point,2,470,139,82,0,57,476,76,19,0,57,411,63,63,0,0
8279,r472,All institutions<sup>a</sup> -> U. Wisconsin-Green Bay,All institutions<sup>a</sup>,U. Wisconsin-Green Bay,2,471,138,123,0,15,581,29,29,0,0,332,109,94,0,15
8279,r473,All institutions<sup>a</sup> -> Pardee RAND Graduate School,All institutions<sup>a</sup>,Pardee RAND Graduate School,2,472,133,133,0,0,410,133,133,0,0,627,0,0,0,0
8279,r474,All institutions<sup>a</sup> -> Radford U.,All institutions<sup>a</sup>,Radford U.,2,473,132,76,0,56,418,123,67,0,56,571,9,9,0,0
8279,r475,All institutions<sup>a</sup> -> Valparaiso U.,All institutions<sup>a</sup>,Valparaiso U.,2,474,130,130,0,0,419,122,122,0,0,575,8,8,0,0
8279,r476,"All institutions<sup>a</sup> -> SUNY, Upstate Medical U.",All institutions<sup>a</sup>,"SUNY, Upstate Medical U.",2,475,129,129,0,0,412,129,129,0,0,627,0,0,0,0
8279,r477,All institutions<sup>a</sup> -> California Lutheran U.,All institutions<sup>a</sup>,California Lutheran U.,2,475,129,129,0,0,430,110,110,0,0,528,19,19,0,0
8279,r478,All institutions<sup>a</sup> -> Iona C.,All institutions<sup>a</sup>,Iona C.,2,475,129,66,0,63,439,106,44,0,62,511,23,22,0,1
8279,r479,All institutions<sup>a</sup> -> Hawaii Pacific U.,All institutions<sup>a</sup>,Hawaii Pacific U.,2,478,128,98,0,30,451,91,68,0,23,475,37,30,0,7
8279,r480,All institutions<sup>a</sup> -> Molloy C.,All institutions<sup>a</sup>,Molloy C.,2,478,128,19,0,109,467,80,12,0,68,443,48,7,0,41
8279,r481,All institutions<sup>a</sup> -> Nicholls State U.,All institutions<sup>a</sup>,Nicholls State U.,2,478,128,128,0,0,477,75,75,0,0,431,53,53,0,0
8279,r482,All institutions<sup>a</sup> -> Robert Morris U.,All institutions<sup>a</sup>,Robert Morris U.,2,481,127,101,0,26,663,0,0,0,0,314,127,101,0,26
8279,r483,All institutions<sup>a</sup> -> U. Houston-Victoria,All institutions<sup>a</sup>,U. Houston-Victoria,2,482,126,126,0,0,453,90,90,0,0,479,36,36,0,0
8279,r484,All institutions<sup>a</sup> -> Butler U.,All institutions<sup>a</sup>,Butler U.,2,482,126,0,0,126,562,36,0,0,36,362,90,0,0,90
8279,r485,All institutions<sup>a</sup> -> Campbell U.,All institutions<sup>a</sup>,Campbell U.,2,484,125,0,0,125,415,125,0,0,125,627,0,0,0,0
8279,r486,All institutions<sup>a</sup> -> Marywood U.,All institutions<sup>a</sup>,Marywood U.,2,484,125,82,0,43,440,105,65,0,40,523,20,17,0,3
8279,r487,"All institutions<sup>a</sup> -> California State U., Monterey Bay",All institutions<sup>a</sup>,"California State U., Monterey Bay",2,484,125,125,0,0,465,81,81,0,0,450,44,44,0,0
8279,r488,All institutions<sup>a</sup> -> MGH Institute of Health Professions,All institutions<sup>a</sup>,MGH Institute of Health Professions,2,487,124,0,0,124,416,124,0,0,124,627,0,0,0,0
8279,r489,All institutions<sup>a</sup> -> Bradley U.,All institutions<sup>a</sup>,Bradley U.,2,488,123,58,65,0,444,98,51,47,0,505,25,7,18,0
8279,r490,All institutions<sup>a</sup> -> Creighton U.,All institutions<sup>a</sup>,Creighton U.,2,488,123,60,0,63,460,84,59,0,25,466,39,1,0,38
8279,r491,All institutions<sup>a</sup> -> Pittsburg State U.,All institutions<sup>a</sup>,Pittsburg State U.,2,490,122,98,0,24,453,90,90,0,0,490,32,8,0,24
8279,r492,All institutions<sup>a</sup> -> Slippery Rock U. Pennsylvania,All institutions<sup>a</sup>,Slippery Rock U. Pennsylvania,2,491,121,86,0,35,494,67,40,0,27,427,54,46,0,8
8279,r493,All institutions<sup>a</sup> -> Niagara U.,All institutions<sup>a</sup>,Niagara U.,2,491,121,121,0,0,503,62,62,0,0,416,59,59,0,0
8279,r494,All institutions<sup>a</sup> -> Millersville U. Pennsylvania,All institutions<sup>a</sup>,Millersville U. Pennsylvania,2,491,121,121,0,0,550,41,41,0,0,381,80,80,0,0
8279,r495,All institutions<sup>a</sup> -> Western Colorado U.,All institutions<sup>a</sup>,Western Colorado U.,2,494,119,117,0,2,447,95,93,0,2,507,24,24,0,0
8279,r496,All institutions<sup>a</sup> -> Fitchburg State U.,All institutions<sup>a</sup>,Fitchburg State U.,2,495,118,118,0,0,445,96,96,0,0,515,22,22,0,0
8279,r497,"All institutions<sup>a</sup> -> Des Moines U., Osteopathic Medical Center",All institutions<sup>a</sup>,"Des Moines U., Osteopathic Medical Center",2,496,117,47,0,70,559,38,37,0,1,382,79,10,0,69
8279,r498,All institutions<sup>a</sup> -> Northern Michigan U.,All institutions<sup>a</sup>,Northern Michigan U.,2,497,116,79,0,37,474,77,56,0,21,466,39,23,0,16
8279,r499,All institutions<sup>a</sup> -> Florida Gulf Coast U.,All institutions<sup>a</sup>,Florida Gulf Coast U.,2,497,116,73,18,25,548,42,35,1,6,390,74,38,17,19
8279,r500,All institutions<sup>a</sup> -> Canisius C.,All institutions<sup>a</sup>,Canisius C.,2,497,116,101,0,15,555,39,31,0,8,387,77,70,0,7
8279,r501,All institutions<sup>a</sup> -> Sul Ross State U.,All institutions<sup>a</sup>,Sul Ross State U.,2,497,116,89,0,27,561,37,37,0,0,382,79,52,0,27
8279,r502,"All institutions<sup>a</sup> -> U. Texas, Permian Basin",All institutions<sup>a</sup>,"U. Texas, Permian Basin",2,501,115,81,13,21,471,78,52,13,13,475,37,29,0,8
8279,r503,"All institutions<sup>a</sup> -> Southern U., New Orleans",All institutions<sup>a</sup>,"Southern U., New Orleans",2,501,115,115,0,0,524,53,53,0,0,412,62,62,0,0
8279,r504,All institutions<sup>a</sup> -> Dominican U. California,All institutions<sup>a</sup>,Dominican U. California,2,503,112,112,0,0,469,79,79,0,0,487,33,33,0,0
8279,r505,All institutions<sup>a</sup> -> Cameron U.,All institutions<sup>a</sup>,Cameron U.,2,504,111,111,0,0,510,58,58,0,0,431,53,53,0,0
8279,r506,All institutions<sup>a</sup> -> Monmouth U.,All institutions<sup>a</sup>,Monmouth U.,2,504,111,95,16,0,531,50,41,9,0,413,61,54,7,0
8279,r507,All institutions<sup>a</sup> -> Wesleyan U.,All institutions<sup>a</sup>,Wesleyan U.,2,506,110,110,0,0,430,110,110,0,0,627,0,0,0,0
8279,r508,"All institutions<sup>a</sup> -> SUNY, Oswego",All institutions<sup>a</sup>,"SUNY, Oswego",2,506,110,50,0,60,500,63,41,0,22,446,47,9,0,38
8279,r509,"All institutions<sup>a</sup> -> CUNY, C. Staten Island",All institutions<sup>a</sup>,"CUNY, C. Staten Island",2,506,110,97,13,0,628,12,12,0,0,348,98,85,13,0
8279,r510,"All institutions<sup>a</sup> -> U. Hawaii, Hilo",All institutions<sup>a</sup>,"U. Hawaii, Hilo",2,509,109,102,0,7,494,67,64,0,3,455,42,38,0,4
8279,r511,All institutions<sup>a</sup> -> Clark Atlanta U.,All institutions<sup>a</sup>,Clark Atlanta U.,2,510,108,108,0,0,487,69,69,0,0,466,39,39,0,0
8279,r512,"All institutions<sup>a</sup> -> Oklahoma State U., Center for Health Sciences",All institutions<sup>a</sup>,"Oklahoma State U., Center for Health Sciences",2,510,108,108,0,0,577,30,30,0,0,385,78,78,0,0
8279,r513,All institutions<sup>a</sup> -> Framingham State U.,All institutions<sup>a</sup>,Framingham State U.,2,510,108,108,0,0,647,6,6,0,0,342,102,102,0,0
8279,r514,All institutions<sup>a</sup> -> Wayland Baptist U.,All institutions<sup>a</sup>,Wayland Baptist U.,2,513,106,106,0,0,496,66,66,0,0,459,40,40,0,0
8279,r515,"All institutions<sup>a</sup> -> U. Maryland, Eastern Shore",All institutions<sup>a</sup>,"U. Maryland, Eastern Shore",2,513,106,102,0,4,572,32,31,0,1,390,74,71,0,3
8279,r516,All institutions<sup>a</sup> -> Memorial Sloan Kettering Cancer Center,All institutions<sup>a</sup>,Memorial Sloan Kettering Cancer Center,2,515,104,104,0,0,457,88,88,0,0,540,16,16,0,0
8279,r517,All institutions<sup>a</sup> -> Suffolk U.,All institutions<sup>a</sup>,Suffolk U.,2,515,104,100,0,4,491,68,67,0,1,479,36,33,0,3
8279,r518,All institutions<sup>a</sup> -> U. Wisconsin-Oshkosh,All institutions<sup>a</sup>,U. Wisconsin-Oshkosh,2,515,104,104,0,0,632,10,10,0,0,354,94,94,0,0
8279,r519,"All institutions<sup>a</sup> -> Inter American U. Puerto Rico, San German",All institutions<sup>a</sup>,"Inter American U. Puerto Rico, San German",2,518,103,103,0,0,504,61,61,0,0,455,42,42,0,0
8279,r520,All institutions<sup>a</sup> -> Salus U.,All institutions<sup>a</sup>,Salus U.,2,519,102,11,0,91,449,93,8,0,85,571,9,3,0,6
8279,r521,All institutions<sup>a</sup> -> Shippensburg U. Pennsylvania,All institutions<sup>a</sup>,Shippensburg U. Pennsylvania,2,519,102,102,0,0,516,57,57,0,0,449,45,45,0,0
8279,r522,All institutions<sup>a</sup> -> Texas A&M International U.,All institutions<sup>a</sup>,Texas A&M International U.,2,519,102,102,0,0,577,30,30,0,0,394,72,72,0,0
8279,r523,All institutions<sup>a</sup> -> Delaware State U.,All institutions<sup>a</sup>,Delaware State U.,2,522,101,90,0,11,453,90,82,0,8,558,11,8,0,3
8279,r524,All institutions<sup>a</sup> -> U. Guam,All institutions<sup>a</sup>,U. Guam,2,523,100,100,0,0,554,40,40,0,0,415,60,60,0,0
8279,r525,All institutions<sup>a</sup> -> Bowie State U.,All institutions<sup>a</sup>,Bowie State U.,2,524,99,99,0,0,550,41,41,0,0,419,58,58,0,0
8279,r526,All institutions<sup>a</sup> -> Mississippi U. for Women,All institutions<sup>a</sup>,Mississippi U. for Women,2,525,98,10,0,88,471,78,1,0,77,523,20,9,0,11
8279,r527,"All institutions<sup>a</sup> -> City of Hope, Irell and Manella Graduate School of Biological Sciences",All institutions<sup>a</sup>,"City of Hope, Irell and Manella Graduate School of Biological Sciences",2,526,96,96,0,0,445,96,96,0,0,627,0,0,0,0
8279,r528,All institutions<sup>a</sup> -> Clarion U. Pennsylvania,All institutions<sup>a</sup>,Clarion U. Pennsylvania,2,527,94,17,0,77,477,75,0,0,75,528,19,17,0,2
8279,r529,All institutions<sup>a</sup> -> Alcorn State U.,All institutions<sup>a</sup>,Alcorn State U.,2,527,94,94,0,0,524,53,53,0,0,458,41,41,0,0
8279,r530,"All institutions<sup>a</sup> -> SUNY, Buffalo State",All institutions<sup>a</sup>,"SUNY, Buffalo State",2,527,94,84,10,0,545,43,43,0,0,438,51,41,10,0
8279,r531,All institutions<sup>a</sup> -> Hampton U.,All institutions<sup>a</sup>,Hampton U.,2,530,92,47,0,45,464,82,42,0,40,565,10,5,0,5
8279,r532,All institutions<sup>a</sup> -> Indiana Institute of Technology,All institutions<sup>a</sup>,Indiana Institute of Technology,2,530,92,92,0,0,533,49,49,0,0,452,43,43,0,0
8279,r533,All institutions<sup>a</sup> -> Cedars-Sinai Medical Center,All institutions<sup>a</sup>,Cedars-Sinai Medical Center,2,532,89,89,0,0,533,49,49,0,0,459,40,40,0,0
8279,r534,"All institutions<sup>a</sup> -> SUNY, C. Brockport",All institutions<sup>a</sup>,"SUNY, C. Brockport",2,532,89,68,0,21,535,47,33,0,14,455,42,35,0,7
8279,r535,All institutions<sup>a</sup> -> Frostburg State U.,All institutions<sup>a</sup>,Frostburg State U.,2,534,88,88,0,0,539,44,44,0,0,450,44,44,0,0
8279,r536,All institutions<sup>a</sup> -> Lindenwood U.,All institutions<sup>a</sup>,Lindenwood U.,2,534,88,55,0,33,567,34,17,0,17,427,54,38,0,16
8279,r537,All institutions<sup>a</sup> -> Bridgewater State U.,All institutions<sup>a</sup>,Bridgewater State U.,2,536,87,87,0,0,527,52,52,0,0,481,35,35,0,0
8279,r538,All institutions<sup>a</sup> -> Charles R. Drew U. of Medicine and Science,All institutions<sup>a</sup>,Charles R. Drew U. of Medicine and Science,2,537,86,33,0,53,460,84,33,0,51,610,2,0,0,2
8279,r539,All institutions<sup>a</sup> -> Lincoln Memorial U.,All institutions<sup>a</sup>,Lincoln Memorial U.,2,537,86,86,0,0,500,63,63,0,0,511,23,23,0,0
8279,r540,All institutions<sup>a</sup> -> Metropolitan State U.,All institutions<sup>a</sup>,Metropolitan State U.,2,537,86,75,0,11,612,17,7,0,10,400,69,68,0,1
8279,r541,All institutions<sup>a</sup> -> Virginia State U.,All institutions<sup>a</sup>,Virginia State U.,2,540,84,84,0,0,519,54,54,0,0,496,30,30,0,0
8279,r542,All institutions<sup>a</sup> -> Texas A&M U.-Central Texas,All institutions<sup>a</sup>,Texas A&M U.-Central Texas,2,540,84,84,0,0,659,2,2,0,0,376,82,82,0,0
8279,r543,All institutions<sup>a</sup> -> Oklahoma City U.,All institutions<sup>a</sup>,Oklahoma City U.,2,542,83,50,0,33,545,43,31,0,12,459,40,19,0,21
8279,r544,All institutions<sup>a</sup> -> Florida Polytechnic U.,All institutions<sup>a</sup>,Florida Polytechnic U.,2,543,82,41,41,0,510,58,29,29,0,507,24,12,12,0
8279,r545,All institutions<sup>a</sup> -> U. del Turabo,All institutions<sup>a</sup>,U. del Turabo,2,544,81,72,9,0,465,81,72,9,0,627,0,0,0,0
8279,r546,All institutions<sup>a</sup> -> Fort Valley State U.,All institutions<sup>a</sup>,Fort Valley State U.,2,545,80,26,0,54,510,58,23,0,35,515,22,3,0,19
8279,r547,All institutions<sup>a</sup> -> U. of the Incarnate Word,All institutions<sup>a</sup>,U. of the Incarnate Word,2,546,78,61,0,17,483,72,56,0,16,587,6,5,0,1
8279,r548,All institutions<sup>a</sup> -> Bloomsburg U. Pennsylvania,All institutions<sup>a</sup>,Bloomsburg U. Pennsylvania,2,546,78,20,0,58,527,52,0,0,52,501,26,20,0,6
8279,r549,All institutions<sup>a</sup> -> Gallaudet U.,All institutions<sup>a</sup>,Gallaudet U.,2,546,78,36,0,42,527,52,18,0,34,501,26,18,0,8
8279,r550,All institutions<sup>a</sup> -> Edinboro U. Pennsylvania,All institutions<sup>a</sup>,Edinboro U. Pennsylvania,2,549,77,23,0,54,506,60,6,0,54,539,17,17,0,0
8279,r551,All institutions<sup>a</sup> -> Widener U.,All institutions<sup>a</sup>,Widener U.,2,550,75,0,26,49,572,32,0,13,19,452,43,0,13,30
8279,r552,All institutions<sup>a</sup> -> New Mexico Highlands U.,All institutions<sup>a</sup>,New Mexico Highlands U.,2,551,71,71,0,0,550,41,41,0,0,496,30,30,0,0
8279,r553,All institutions<sup>a</sup> -> Evergreen State C.,All institutions<sup>a</sup>,Evergreen State C.,2,552,70,70,0,0,562,36,36,0,0,483,34,34,0,0
8279,r554,All institutions<sup>a</sup> -> St. Thomas U.,All institutions<sup>a</sup>,St. Thomas U.,2,553,69,64,0,5,496,66,61,0,5,606,3,3,0,0
8279,r555,"All institutions<sup>a</sup> -> SUNY, C. Cortland",All institutions<sup>a</sup>,"SUNY, C. Cortland",2,553,69,1,0,68,539,44,1,0,43,505,25,0,0,25
8279,r556,All institutions<sup>a</sup> -> Southern Nazarene U.,All institutions<sup>a</sup>,Southern Nazarene U.,2,555,68,68,0,0,491,68,68,0,0,627,0,0,0,0
8279,r557,All institutions<sup>a</sup> -> Calvin C.,All institutions<sup>a</sup>,Calvin C.,2,556,67,10,0,57,519,54,9,0,45,551,13,1,0,12
8279,r558,All institutions<sup>a</sup> -> Oregon Institute of Technology,All institutions<sup>a</sup>,Oregon Institute of Technology,2,556,67,18,49,0,550,41,13,28,0,501,26,5,21,0
8279,r559,"All institutions<sup>a</sup> -> Minnesota State U., Moorhead",All institutions<sup>a</sup>,"Minnesota State U., Moorhead",2,558,65,17,0,48,510,58,10,0,48,582,7,7,0,0
8279,r560,All institutions<sup>a</sup> -> Roger Williams U.,All institutions<sup>a</sup>,Roger Williams U.,2,559,64,64,0,0,524,53,53,0,0,558,11,11,0,0
8279,r561,All institutions<sup>a</sup> -> U. West Alabama,All institutions<sup>a</sup>,U. West Alabama,2,559,64,64,0,0,530,51,51,0,0,551,13,13,0,0
8279,r562,All institutions<sup>a</sup> -> Kettering U.,All institutions<sup>a</sup>,Kettering U.,2,559,64,0,64,0,569,33,0,33,0,494,31,0,31,0
8279,r563,All institutions<sup>a</sup> -> Coastal Carolina U.,All institutions<sup>a</sup>,Coastal Carolina U.,2,559,64,64,0,0,587,26,26,0,0,470,38,38,0,0
8279,r564,All institutions<sup>a</sup> -> Truman State U.,All institutions<sup>a</sup>,Truman State U.,2,563,63,20,0,43,555,39,5,0,34,507,24,15,0,9
8279,r565,All institutions<sup>a</sup> -> Endicott C.,All institutions<sup>a</sup>,Endicott C.,2,563,63,50,0,13,592,25,25,0,0,470,38,25,0,13
8279,r566,All institutions<sup>a</sup> -> South Carolina State U.,All institutions<sup>a</sup>,South Carolina State U.,2,565,61,0,0,61,516,57,0,0,57,597,4,0,0,4
8279,r567,All institutions<sup>a</sup> -> Springfield C.,All institutions<sup>a</sup>,Springfield C.,2,565,61,57,0,4,519,54,51,0,3,582,7,6,0,1
8279,r568,All institutions<sup>a</sup> -> Drew U.,All institutions<sup>a</sup>,Drew U.,2,565,61,26,0,35,583,28,17,0,11,487,33,9,0,24
8279,r569,All institutions<sup>a</sup> -> California U. of Science and Medicine,All institutions<sup>a</sup>,California U. of Science and Medicine,2,568,60,60,0,0,506,60,60,0,0,627,0,0,0,0
8279,r570,All institutions<sup>a</sup> -> U. Montevallo,All institutions<sup>a</sup>,U. Montevallo,2,569,59,0,0,59,516,57,0,0,57,610,2,0,0,2
8279,r571,All institutions<sup>a</sup> -> Gonzaga U.,All institutions<sup>a</sup>,Gonzaga U.,2,569,59,34,25,0,592,25,22,3,0,483,34,12,22,0
8279,r572,All institutions<sup>a</sup> -> Albany Medical C.,All institutions<sup>a</sup>,Albany Medical C.,2,571,58,58,0,0,510,58,58,0,0,627,0,0,0,0
8279,r573,All institutions<sup>a</sup> -> U. of Saint Mary,All institutions<sup>a</sup>,U. of Saint Mary,2,571,58,58,0,0,519,54,54,0,0,597,4,4,0,0
8279,r574,All institutions<sup>a</sup> -> DeSales U.,All institutions<sup>a</sup>,DeSales U.,2,571,58,57,0,1,603,20,20,0,0,470,38,37,0,1
8279,r575,All institutions<sup>a</sup> -> Arkansas Tech U.,All institutions<sup>a</sup>,Arkansas Tech U.,2,574,57,47,10,0,565,35,28,7,0,515,22,19,3,0
8279,r576,All institutions<sup>a</sup> -> Xavier U.,All institutions<sup>a</sup>,Xavier U.,2,574,57,35,0,22,592,25,25,0,0,490,32,10,0,22
8279,r577,All institutions<sup>a</sup> -> Cold Spring Harbor Laboratory,All institutions<sup>a</sup>,Cold Spring Harbor Laboratory,2,576,54,54,0,0,519,54,54,0,0,627,0,0,0,0
8279,r578,All institutions<sup>a</sup> -> Biola U.,All institutions<sup>a</sup>,Biola U.,2,577,51,51,0,0,531,50,50,0,0,618,1,1,0,0
8279,r579,All institutions<sup>a</sup> -> U. of the Virgin Islands,All institutions<sup>a</sup>,U. of the Virgin Islands,2,577,51,51,0,0,535,47,47,0,0,597,4,4,0,0
8279,r580,All institutions<sup>a</sup> -> Loras C.,All institutions<sup>a</sup>,Loras C.,2,579,50,50,0,0,548,42,42,0,0,575,8,8,0,0
8279,r581,All institutions<sup>a</sup> -> Oklahoma Christian U.,All institutions<sup>a</sup>,Oklahoma Christian U.,2,579,50,0,50,0,600,21,0,21,0,499,29,0,29,0
8279,r582,All institutions<sup>a</sup> -> Winthrop U.,All institutions<sup>a</sup>,Winthrop U.,2,581,49,49,0,0,535,47,47,0,0,610,2,2,0,0
8279,r583,All institutions<sup>a</sup> -> Cooper Union for the Advancement of Science and Art,All institutions<sup>a</sup>,Cooper Union for the Advancement of Science and Art,2,582,48,0,48,0,612,17,0,17,0,494,31,0,31,0
8279,r584,All institutions<sup>a</sup> -> Georgia C. and State U.,All institutions<sup>a</sup>,Georgia C. and State U.,2,583,47,19,0,28,600,21,10,0,11,501,26,9,0,17
8279,r585,All institutions<sup>a</sup> -> Aurora U.,All institutions<sup>a</sup>,Aurora U.,2,583,47,7,0,40,612,17,0,0,17,496,30,7,0,23
8279,r586,All institutions<sup>a</sup> -> LeTourneau U.,All institutions<sup>a</sup>,LeTourneau U.,2,585,46,41,5,0,628,12,7,5,0,483,34,34,0,0
8279,r587,All institutions<sup>a</sup> -> Longwood U.,All institutions<sup>a</sup>,Longwood U.,2,586,45,0,0,45,538,45,0,0,45,627,0,0,0,0
8279,r588,"All institutions<sup>a</sup> -> Northeastern Ohio Universities, C. of Medicine",All institutions<sup>a</sup>,"Northeastern Ohio Universities, C. of Medicine",2,586,45,16,0,29,587,26,16,0,10,528,19,0,0,19
8279,r589,All institutions<sup>a</sup> -> Van Andel Institute,All institutions<sup>a</sup>,Van Andel Institute,2,588,44,44,0,0,539,44,44,0,0,627,0,0,0,0
8279,r590,All institutions<sup>a</sup> -> Western Connecticut State U.,All institutions<sup>a</sup>,Western Connecticut State U.,2,588,44,44,0,0,628,12,12,0,0,490,32,32,0,0
8279,r591,"All institutions<sup>a</sup> -> Toyota Technological Institute, Chicago",All institutions<sup>a</sup>,"Toyota Technological Institute, Chicago",2,590,43,43,0,0,545,43,43,0,0,627,0,0,0,0
8279,r592,"All institutions<sup>a</sup> -> SUNY, Fredonia",All institutions<sup>a</sup>,"SUNY, Fredonia",2,590,43,13,0,30,555,39,9,0,30,597,4,4,0,0
8279,r593,All institutions<sup>a</sup> -> Caldwell U.,All institutions<sup>a</sup>,Caldwell U.,2,590,43,43,0,0,655,3,3,0,0,459,40,40,0,0
8279,r594,All institutions<sup>a</sup> -> Wilkes U.,All institutions<sup>a</sup>,Wilkes U.,2,593,42,4,14,24,635,9,1,8,0,487,33,3,6,24
8279,r595,All institutions<sup>a</sup> -> Bard C.,All institutions<sup>a</sup>,Bard C.,2,594,41,41,0,0,562,36,36,0,0,593,5,5,0,0
8279,r596,All institutions<sup>a</sup> -> Christopher Newport U.,All institutions<sup>a</sup>,Christopher Newport U.,2,594,41,41,0,0,603,20,20,0,0,520,21,21,0,0
8279,r597,All institutions<sup>a</sup> -> Vanguard U. of Southern California,All institutions<sup>a</sup>,Vanguard U. of Southern California,2,596,39,39,0,0,555,39,39,0,0,627,0,0,0,0
8279,r598,All institutions<sup>a</sup> -> Savannah State U.,All institutions<sup>a</sup>,Savannah State U.,2,596,39,39,0,0,565,35,35,0,0,597,4,4,0,0
8279,r599,All institutions<sup>a</sup> -> Ithaca C.,All institutions<sup>a</sup>,Ithaca C.,2,596,39,39,0,0,584,27,27,0,0,553,12,12,0,0
8279,r600,All institutions<sup>a</sup> -> San Juan Bautista School of Medicine,All institutions<sup>a</sup>,San Juan Bautista School of Medicine,2,599,38,0,0,38,559,38,0,0,38,627,0,0,0,0
8279,r601,"All institutions<sup>a</sup> -> U. Arkansas, Pine Bluff",All institutions<sup>a</sup>,"U. Arkansas, Pine Bluff",2,599,38,38,0,0,577,30,30,0,0,575,8,8,0,0
8279,r602,All institutions<sup>a</sup> -> Western U. of Health Sciences,All institutions<sup>a</sup>,Western U. of Health Sciences,2,601,37,20,0,17,572,32,18,0,14,593,5,2,0,3
8279,r603,All institutions<sup>a</sup> -> Alfred U.,All institutions<sup>a</sup>,Alfred U.,2,601,37,0,37,0,587,26,0,26,0,558,11,0,11,0
8279,r604,All institutions<sup>a</sup> -> Kentucky State U.,All institutions<sup>a</sup>,Kentucky State U.,2,601,37,37,0,0,598,22,22,0,0,541,15,15,0,0
8279,r605,All institutions<sup>a</sup> -> Bryn Mawr C.,All institutions<sup>a</sup>,Bryn Mawr C.,2,604,36,36,0,0,572,32,32,0,0,597,4,4,0,0
8279,r606,All institutions<sup>a</sup> -> Bethune-Cookman U.,All institutions<sup>a</sup>,Bethune-Cookman U.,2,604,36,27,0,9,577,30,21,0,9,587,6,6,0,0
8279,r607,All institutions<sup>a</sup> -> Bemidji State U.,All institutions<sup>a</sup>,Bemidji State U.,2,604,36,36,0,0,639,8,8,0,0,500,28,28,0,0
8279,r608,"All institutions<sup>a</sup> -> SUNY, C. Plattsburgh",All institutions<sup>a</sup>,"SUNY, C. Plattsburgh",2,607,35,35,0,0,581,29,29,0,0,587,6,6,0,0
8279,r609,All institutions<sup>a</sup> -> John Carroll U.,All institutions<sup>a</sup>,John Carroll U.,2,607,35,35,0,0,603,20,20,0,0,541,15,15,0,0
8279,r610,All institutions<sup>a</sup> -> Plymouth State U.,All institutions<sup>a</sup>,Plymouth State U.,2,607,35,12,0,23,603,20,8,0,12,541,15,4,0,11
8279,r611,All institutions<sup>a</sup> -> Fisk U.,All institutions<sup>a</sup>,Fisk U.,2,610,34,34,0,0,569,33,33,0,0,618,1,1,0,0
8279,r612,All institutions<sup>a</sup> -> Saint Martin's U.,All institutions<sup>a</sup>,Saint Martin's U.,2,610,34,12,22,0,587,26,10,16,0,575,8,2,6,0
8279,r613,All institutions<sup>a</sup> -> Smith C.,All institutions<sup>a</sup>,Smith C.,2,610,34,9,0,25,596,24,0,0,24,565,10,9,0,1
8279,r614,All institutions<sup>a</sup> -> American Museum of Natural History,All institutions<sup>a</sup>,American Museum of Natural History,2,613,33,33,0,0,569,33,33,0,0,627,0,0,0,0
8279,r615,"All institutions<sup>a</sup> -> U. South Carolina, Aiken",All institutions<sup>a</sup>,"U. South Carolina, Aiken",2,613,33,33,0,0,584,27,27,0,0,587,6,6,0,0
8279,r616,All institutions<sup>a</sup> -> Mills C.,All institutions<sup>a</sup>,Mills C.,2,613,33,33,0,0,592,25,25,0,0,575,8,8,0,0
8279,r617,All institutions<sup>a</sup> -> Morehead State U.,All institutions<sup>a</sup>,Morehead State U.,2,613,33,33,0,0,610,18,18,0,0,541,15,15,0,0
8279,r618,All institutions<sup>a</sup> -> Kutztown U. Pennsylvania,All institutions<sup>a</sup>,Kutztown U. Pennsylvania,2,617,32,32,0,0,600,21,21,0,0,558,11,11,0,0
8279,r619,All institutions<sup>a</sup> -> U. Wisconsin-Parkside,All institutions<sup>a</sup>,U. Wisconsin-Parkside,2,617,32,32,0,0,603,20,20,0,0,553,12,12,0,0
8279,r620,"All institutions<sup>a</sup> -> SUNY, C. of Optometry",All institutions<sup>a</sup>,"SUNY, C. of Optometry",2,617,32,32,0,0,623,14,14,0,0,533,18,18,0,0
8279,r621,All institutions<sup>a</sup> -> Georgia Southwestern State U.,All institutions<sup>a</sup>,Georgia Southwestern State U.,2,617,32,32,0,0,627,13,13,0,0,528,19,19,0,0
8279,r622,All institutions<sup>a</sup> -> Sanford-Burnham Medical Research Institute,All institutions<sup>a</sup>,Sanford-Burnham Medical Research Institute,2,621,31,31,0,0,576,31,31,0,0,627,0,0,0,0
8279,r623,All institutions<sup>a</sup> -> West Virginia State U.,All institutions<sup>a</sup>,West Virginia State U.,2,622,30,30,0,0,603,20,20,0,0,565,10,10,0,0
8279,r624,All institutions<sup>a</sup> -> Delta State U.,All institutions<sup>a</sup>,Delta State U.,2,623,29,29,0,0,612,17,17,0,0,553,12,12,0,0
8279,r625,All institutions<sup>a</sup> -> Northwestern State U. Louisiana,All institutions<sup>a</sup>,Northwestern State U. Louisiana,2,623,29,29,0,0,623,14,14,0,0,541,15,15,0,0
8279,r626,All institutions<sup>a</sup> -> U. of Mary Hardin Baylor,All institutions<sup>a</sup>,U. of Mary Hardin Baylor,2,625,28,28,0,0,597,23,23,0,0,593,5,5,0,0
8279,r627,"All institutions<sup>a</sup> -> California State U., Stanislaus",All institutions<sup>a</sup>,"California State U., Stanislaus",2,625,28,28,0,0,610,18,18,0,0,565,10,10,0,0
8279,r628,All institutions<sup>a</sup> -> Salisbury U.,All institutions<sup>a</sup>,Salisbury U.,2,625,28,28,0,0,623,14,14,0,0,550,14,14,0,0
8279,r629,"All institutions<sup>a</sup> -> Lincoln U., Jefferson City",All institutions<sup>a</sup>,"Lincoln U., Jefferson City",2,625,28,28,0,0,639,8,8,0,0,523,20,20,0,0
8279,r630,All institutions<sup>a</sup> -> Williams C.,All institutions<sup>a</sup>,Williams C.,2,629,27,27,0,0,584,27,27,0,0,627,0,0,0,0
8279,r631,All institutions<sup>a</sup> -> Rosalind Franklin U. of Medicine and Science,All institutions<sup>a</sup>,Rosalind Franklin U. of Medicine and Science,2,630,26,26,0,0,587,26,26,0,0,627,0,0,0,0
8279,r632,All institutions<sup>a</sup> -> Alaska Pacific U.,All institutions<sup>a</sup>,Alaska Pacific U.,2,630,26,26,0,0,623,14,14,0,0,553,12,12,0,0
8279,r633,All institutions<sup>a</sup> -> Milwaukee School of Engineering,All institutions<sup>a</sup>,Milwaukee School of Engineering,2,630,26,0,26,0,639,8,0,8,0,533,18,0,18,0
8279,r634,All institutions<sup>a</sup> -> Alabama State U.,All institutions<sup>a</sup>,Alabama State U.,2,633,25,25,0,0,612,17,17,0,0,575,8,8,0,0
8279,r635,All institutions<sup>a</sup> -> Elizabeth City State U.,All institutions<sup>a</sup>,Elizabeth City State U.,2,634,24,24,0,0,612,17,17,0,0,582,7,7,0,0
8279,r636,All institutions<sup>a</sup> -> St. Francis C.,All institutions<sup>a</sup>,St. Francis C.,2,634,24,18,0,6,635,9,9,0,0,541,15,9,0,6
8279,r637,"All institutions<sup>a</sup> -> U. Arkansas, Monticello",All institutions<sup>a</sup>,"U. Arkansas, Monticello",2,636,23,23,0,0,650,5,5,0,0,533,18,18,0,0
8279,r638,All institutions<sup>a</sup> -> U. Central del Caribe,All institutions<sup>a</sup>,U. Central del Caribe,2,637,22,22,0,0,598,22,22,0,0,627,0,0,0,0
8279,r639,"All institutions<sup>a</sup> -> Colorado State U., Pueblo",All institutions<sup>a</sup>,"Colorado State U., Pueblo",2,637,22,16,6,0,618,16,12,4,0,587,6,4,2,0
8279,r640,All institutions<sup>a</sup> -> Point Loma Nazarene U.,All institutions<sup>a</sup>,Point Loma Nazarene U.,2,637,22,22,0,0,645,7,7,0,0,541,15,15,0,0
8279,r641,"All institutions<sup>a</sup> -> Trinity C., Hartford",All institutions<sup>a</sup>,"Trinity C., Hartford",2,637,22,22,0,0,645,7,7,0,0,541,15,15,0,0
8279,r642,All institutions<sup>a</sup> -> Mississippi Valley State U.,All institutions<sup>a</sup>,Mississippi Valley State U.,2,641,20,12,0,8,618,16,11,0,5,597,4,1,0,3
8279,r643,All institutions<sup>a</sup> -> Albany C. of Pharmacy and Health Sciences,All institutions<sup>a</sup>,Albany C. of Pharmacy and Health Sciences,2,641,20,11,0,9,635,9,3,0,6,558,11,8,0,3
8279,r644,All institutions<sup>a</sup> -> New England C. of Optometry,All institutions<sup>a</sup>,New England C. of Optometry,2,643,19,19,0,0,609,19,19,0,0,627,0,0,0,0
8279,r645,All institutions<sup>a</sup> -> Rhode Island C.,All institutions<sup>a</sup>,Rhode Island C.,2,643,19,19,0,0,639,8,8,0,0,558,11,11,0,0
8279,r646,"All institutions<sup>a</sup> -> Inter American U. Puerto Rico, Fajardo",All institutions<sup>a</sup>,"Inter American U. Puerto Rico, Fajardo",2,643,19,19,0,0,661,1,1,0,0,533,18,18,0,0
8279,r647,All institutions<sup>a</sup> -> U. Southern Maine,All institutions<sup>a</sup>,U. Southern Maine,2,646,18,18,0,0,663,0,0,0,0,533,18,18,0,0
8279,r648,All institutions<sup>a</sup> -> U.S. Merchant Marine Academy,All institutions<sup>a</sup>,U.S. Merchant Marine Academy,2,646,18,0,18,0,663,0,0,0,0,533,18,0,18,0
8279,r649,All institutions<sup>a</sup> -> Claflin U.,All institutions<sup>a</sup>,Claflin U.,2,648,16,16,0,0,618,16,16,0,0,627,0,0,0,0
8279,r650,All institutions<sup>a</sup> -> Bucknell U.,All institutions<sup>a</sup>,Bucknell U.,2,648,16,9,7,0,621,15,9,6,0,618,1,0,1,0
8279,r651,All institutions<sup>a</sup> -> Southern Oregon U.,All institutions<sup>a</sup>,Southern Oregon U.,2,650,15,15,0,0,621,15,15,0,0,627,0,0,0,0
8279,r652,All institutions<sup>a</sup> -> Wagner C.,All institutions<sup>a</sup>,Wagner C.,2,651,13,13,0,0,632,10,10,0,0,606,3,3,0,0
8279,r653,"All institutions<sup>a</sup> -> SUNY, Oneonta",All institutions<sup>a</sup>,"SUNY, Oneonta",2,651,13,13,0,0,650,5,5,0,0,575,8,8,0,0
8279,r654,All institutions<sup>a</sup> -> Elmezzi Graduate School of Molecular Medicine,All institutions<sup>a</sup>,Elmezzi Graduate School of Molecular Medicine,2,653,12,12,0,0,628,12,12,0,0,627,0,0,0,0
8279,r655,All institutions<sup>a</sup> -> Rose-Hulman Institute of Technology,All institutions<sup>a</sup>,Rose-Hulman Institute of Technology,2,654,11,0,11,0,632,10,0,10,0,618,1,0,1,0
8279,r656,All institutions<sup>a</sup> -> Marshall B. Ketchum U.,All institutions<sup>a</sup>,Marshall B. Ketchum U.,2,654,11,11,0,0,635,9,9,0,0,610,2,2,0,0
8279,r657,"All institutions<sup>a</sup> -> Montana State U., Billings",All institutions<sup>a</sup>,"Montana State U., Billings",2,654,11,11,0,0,639,8,8,0,0,606,3,3,0,0
8279,r658,All institutions<sup>a</sup> -> U. Portland,All institutions<sup>a</sup>,U. Portland,2,657,10,0,10,0,639,8,0,8,0,610,2,0,2,0
8279,r659,"All institutions<sup>a</sup> -> Pontifical Catholic U. Puerto Rico, Mayaguez",All institutions<sup>a</sup>,"Pontifical Catholic U. Puerto Rico, Mayaguez",2,658,9,9,0,0,659,2,2,0,0,582,7,7,0,0
8279,r660,All institutions<sup>a</sup> -> Furman U.,All institutions<sup>a</sup>,Furman U.,2,659,7,7,0,0,647,6,6,0,0,618,1,1,0,0
8279,r661,All institutions<sup>a</sup> -> Winston-Salem State U.,All institutions<sup>a</sup>,Winston-Salem State U.,2,659,7,7,0,0,647,6,6,0,0,618,1,1,0,0
8279,r662,All institutions<sup>a</sup> -> Marietta C.,All institutions<sup>a</sup>,Marietta C.,2,661,6,6,0,0,650,5,5,0,0,618,1,1,0,0
8279,r663,All institutions<sup>a</sup> -> Black Hills State U.,All institutions<sup>a</sup>,Black Hills State U.,2,661,6,6,0,0,654,4,4,0,0,610,2,2,0,0
8279,r664,All institutions<sup>a</sup> -> Alderson-Broaddus U.,All institutions<sup>a</sup>,Alderson-Broaddus U.,2,663,3,3,0,0,655,3,3,0,0,627,0,0,0,0
8279,r665,All institutions<sup>a</sup> -> Point Park U.,All institutions<sup>a</sup>,Point Park U.,2,663,3,3,0,0,655,3,3,0,0,627,0,0,0,0
8279,r666,All institutions<sup>a</sup> -> Sitting Bull C.,All institutions<sup>a</sup>,Sitting Bull C.,2,663,3,3,0,0,655,3,3,0,0,627,0,0,0,0
8279,r667,All institutions<sup>a</sup> -> Vermont Technical C.,All institutions<sup>a</sup>,Vermont Technical C.,2,663,3,0,3,0,663,0,0,0,0,606,3,0,3,0
8279,r668,All institutions<sup>a</sup> -> Tougaloo C.,All institutions<sup>a</sup>,Tougaloo C.,2,667,1,1,0,0,661,1,1,0,0,627,0,0,0,0
8279,r669,All institutions<sup>a</sup> -> Missouri Western State U.,All institutions<sup>a</sup>,Missouri Western State U.,2,667,1,1,0,0,663,0,0,0,0,618,1,1,0,0
